*F 45 2
200403005 054
200402003 054
200402004 054
200304002 039
200417037 054
200412005 054
200404022 054
200419026 054
200404024 054
200417038 054
200419024 054
200425005 054
200419020 054
201004002 096
200801007 085
200801005 085
200801008 085
200801003 085
200801004 085
200901015 086
200901014 086
200901003 086
200405008 054
200419019 054
200425008 054
200419014 054
200425009 054
200404016 054
200425002 086
200419004 054
200412016 054
200405001 054
200419003 054
200404004 054
200419028 054
200419008 054
200419012 054
200419022 054
200901004 086
200901017 086
200426002 054
200405016 054
200417030 054
200419023 054
200414005 054
200414002 054
200414001 054
200414008 054
200414004 054
200415004 054
200412012 054
200417005 054
200412007 054
200420002 054
200417016 054
200417007 054
200404003 054
200424001 054
200423004 054
200412003 054
200412001 054
200414007 054
200408007 054
200405020 054
200409009 054
200404018 054
200406018 054
200406004 054
200406003 054
200406019 054
200405024 054
200417032 054
200801002 085
200405038 054
200422003 054
200422007 054
200417004 054
200422005 054
200407008 054
200402006 054
200407006 054
200422009 054
200422001 054
200402007 054
200422008 054
200422011 054
200405003 054
200419005 054
200404021 054
200404028 054
200416001 077
200404033 054
200415008 054
200412011 054
200412002 054
200415013 054
200417001 054
200403010 054
200404014 054
200404023 054
200304007 039
200419034 054
200419010 054
200404017 054
201004001 096
200419030 054
200404036 054
200419001 054
200404013 054
200409003 054
200405039 054
200304006 039
200304011 039
200901018 086
200406011 054
200420001 054
200406007 054
200901025 086
200406017 054
200406012 054
200901019 086
200408008 054
200408006 054
200501004 077
200403015 054
200508001 062
200404020 054
200404029 054
200420004 054
200412004 054
200412008 054
200420003 054
200403002 054
200403001 054
200405018 054
200508003 062
200423001 054
200404037 054
200404027 054
200406010 054
200406002 054
200406005 054
200405007 054
200403017 054
200425004 054
200420011 054
200420008 054
200420014 054
200420013 054
200419029 054
200901013 086
200901008 086
200901026 005
200425011 054
200425012 054
200421004 054
200420010 054
200426006 054
200415011 054
200426011 054
200408003 054
200426004 054
200408005 054
200406013 054
200408001 054
200417022 054
200417025 054
200406015 054
200423002 054
200406009 054
200403019 054
200403003 054
200420009 054
200419007 054
200304008 039
200405022 054
200403008 054
200404025 054
200419013 054
200410005 054
200419018 054
200419025 054
200419002 054
200419011 054
200419035 054
200403007 054
200420012 054
200403013 054
200403021 054
200409011 054
200409008 054
200403004 054
200417013 054
200412020 054
200404006 054
200422006 054
200422002 054
200417020 054
200426005 054
200426008 054
200426009 054
200426010 054
200417018 054
200413001 054
200404034 054
200404026 054
200423003 054
200403020 054
200423005 054
200304003 039
200409010 054
200406016 054
200426001 054
200406008 054
200426003 054
200304005 039
200304013 039
200417024 054
200417026 054
200417021 054
200421006 054
200421003 054
200415012 054
200407011 054
200407009 054
200403014 054
200407012 054
200407010 054
200412009 054
200412006 054
200415001 054
200426007 054
200414006 054
200403016 054
200101010 005
200405012 054
200101012 005
200101014 005
200101006 005
200101004 005
200101008 005
200303002 039
200404035 054
200102001 005
200102002 005
200404038 054
200404019 054
200101011 005
200101019 005
200101002 005
200412017 054
200412010 054
200304004 039
200418001 054
200418003 054
200415009 054
200405025 054
200414003 054
200404007 054
200410002 054
200417008 054
200417036 054
200901024 086
200415006 054
200405032 054
200403006 054
160301007 015
160301002 015
161001004 063
141001004 090
141001003 090
160601001 049
170804002 094
170101002 001
170301002 004
170501013 023
170501015 023
170101003 001
180305001 031
200504006 062
210701006 072
210701008 072
210803005 083
170601004 074
200405005 054
210801001 083
210801003 083
210402001 050
180803003 102
180803004 102
200405037 054
200405014 054
200504001 062
180101001 008
180102002 008
180102001 008
180803001 102
140701016 028
140603001 025
140401004 019
140401007 019
140401009 019
140401001 019
140401006 019
140401005 019
140203002 007
140203001 007
130207002 087
130201003 087
140201002 007
140201003 007
140204002 007
130204001 087
130202002 087
141203002 071
170101009 001
170101006 001
170301004 004
141204001 071
170102001 001
170303002 001
170302001 004
130301010 091
130301006 091
130301012 091
130101002 067
130101003 067
130106003 067
130106001 067
110406001 064
180401006 035
180701006 058
180701003 058
180701002 058
180703001 058
170605001 074
170703001 074
170704003 074
170705003 074
170705001 074
170501009 023
170501006 023
170501003 023
200409005 054
200410003 054
180508001 041
180508003 041
180508004 041
180511002 041
180511005 041
180511007 041
180509002 041
180509001 041
170404001 016
180801002 102
200403009 054
200404001 054
200405013 054
200419021 054
200204004 017
200601001 077
200601002 077
200601008 077
200601005 077
210801002 083
180801001 102
180804002 102
180802004 102
180802003 102
210402002 050
210801005 083
210401006 050
170501012 023
180303001 031
180303002 031
180401002 035
180305002 031
180305003 031
180305004 031
180306001 031
210602003 079
200203003 017
500000061 103
500000059 103
500000045 103
500000046 103
500000054 103
170501005 023
500000043 103
500000044 103
500000067 103
500000063 103
500000066 103
220201001 020
220301010 022
220301018 022
220301011 022
220301007 022
220301003 022
220301005 022
220301006 022
220301045 022
220301044 022
220301054 022
220301026 022
220301042 022
220301037 022
220301053 022
220301008 022
220301023 022
220301039 022
220301055 022
220301020 022
220301017 022
220301040 022
220301016 022
220301057 022
220301004 022
220301033 022
220402102 026
220402053 026
220402012 026
220402098 026
220402005 026
220402013 026
220402076 026
220402052 026
220402002 026
220402035 026
220402092 026
220402044 026
220402027 026
220402026 026
220201041 020
220201025 020
220201036 020
220201044 020
220201004 020
220201012 020
220202002 020
220202003 020
220202001 020
220402065 026
221201011 075
221201002 075
220601012 043
220301030 022
220301031 022
220301019 022
220301002 022
220301013 022
220301048 022
220601013 043
220601014 043
220602004 043
220602008 043
221201012 075
221201009 075
221201004 075
221201007 075
221201006 075
220601004 043
220601017 043
220601021 043
220601010 043
220601005 043
220601011 043
221401008 081
221401003 081
220402054 026
220901007 065
190101003 042
221304001 078
221302002 078
221302007 078
221302001 078
220201039 020
221304004 078
221304007 078
221301011 078
220203003 020
220903002 065
220903020 065
220903018 065
220901009 065
190103003 065
190102002 042
190102003 042
190101019 042
221303002 078
220203011 020
220402091 026
220402031 026
220402042 026
220402111 026
220402095 026
220402083 026
220402082 026
220402025 026
220402107 026
220402001 026
220402067 026
220402033 026
220402112 026
220402004 026
220402104 026
220301009 022
220301027 022
220301049 022
220301050 022
220301014 022
220301056 022
220301038 022
220301024 022
220301036 022
220201018 020
220201006 020
220901006 065
220901013 065
220901012 065
220203002 020
220203004 020
220203008 020
220201057 020
220201034 020
220201054 020
220204004 020
220402079 026
220402106 026
220402105 026
220402034 026
220301046 022
220901005 065
220901001 065
220402014 026
220903009 065
220402087 026
220602006 043
220402064 026
220601009 043
220601002 043
220601007 043
220402086 026
221301018 078
220402022 026
220902018 065
200102005 005
200901007 086
200101017 005
140701023 028
140701020 028
140701039 028
140701013 028
140701040 028
140701038 028
140701007 028
140701028 028
140701031 028
140701006 028
140701015 028
120903007 099
120903040 099
120903030 099
120903025 099
220201032 020
220201045 020
220203027 020
220203029 020
220203023 020
220201031 020
220201028 020
200901002 086
220201023 020
160601006 049
160501002 037
160501004 037
160502001 037
180511006 041
180507001 041
180501001 041
180504001 041
180504002 041
180504003 041
180510001 041
160802001 053
160806001 053
160801001 053
180505001 041
201005001 062
200405036 054
180511003 041
160601005 049
141001001 090
140503001 090
140503002 090
160601007 049
160602002 049
160501005 037
140401008 019
140701024 028
170803002 094
170801002 094
170802002 094
170101001 001
170801001 094
170405001 016
170207001 002
170501004 023
170503001 023
170502001 023
170405003 016
170205001 002
200509001 062
170403001 016
170403002 016
170402002 016
170402005 016
170402001 016
170501007 023
170501002 023
170301003 004
170305001 004
170402004 016
170202002 002
150105002 003
170203002 002
170205002 002
180502002 041
180502001 041
170402006 016
200404008 054
200304010 039
180703002 058
180508005 041
200502001 062
200502002 062
200506003 062
200506001 062
200506006 062
200508002 062
200508011 062
200502003 062
200305005 039
200305007 039
200305006 039
200305002 039
200303003 039
200303004 039
200303001 039
200303007 039
200304001 039
200508007 062
200507001 062
200504002 062
200504005 062
200505003 062
200505001 062
200505005 062
200305008 039
200305001 039
200305004 039
200305003 039
200705004 082
200504003 062
180512001 041
180105002 008
180105003 008
180401008 035
180401001 035
180401007 035
180402001 035
180302001 031
210401001 050
180301001 031
180104002 008
180104001 008
200204001 017
200704001 082
200704003 082
200705005 082
200508009 062
200508004 062
200508006 062
200702002 082
200702001 082
200704002 082
200705003 082
200706001 082
180802002 102
210401004 050
210401002 050
200204005 017
200204006 017
200601010 077
200601004 077
200601006 077
210102004 013
200601009 077
210803004 083
210803001 083
210102002 013
210102003 013
210104001 013
210101001 013
210904002 095
200203001 017
200203004 017
210803002 083
210701003 072
210701012 072
210701014 072
200420006 054
210701015 072
160201005 038
200202002 017
200203002 017
200201006 017
200201003 017
200201001 017
210301001 018
210301004 018
210301002 018
201102003 097
200301001 039
200303006 039
220502003 032
201103004 097
200301002 039
200301003 039
210701011 072
211001002 079
211003001 079
210501002 061
220501002 032
220502002 032
210105001 013
211002001 079
211002002 079
210601003 079
210601002 079
210602002 079
210602005 079
210201001 079
210202001 079
210202003 079
211001003 079
210203001 079
201101002 097
201101001 097
221106002 073
221103001 073
221103002 073
221105002 073
220102003 006
220102005 006
221106004 073
221104001 073
221104002 073
221102002 073
221102001 073
200302002 039
200302001 039
221105001 073
221101001 073
221201005 075
221201003 075
220601018 043
220105003 006
220104001 006
220104002 006
220104004 006
220103001 006
220101001 006
200418002 073
200418004 073
200418005 073
220102001 006
220102002 006
220204003 020
221301006 078
221301007 078
221301005 078
220201003 020
220201019 020
220201026 020
221304012 078
220803017 060
220803005 060
220803016 060
220803003 060
220803013 060
220802003 060
220801002 060
220801008 060
220801009 060
220804014 060
220804007 060
220804002 060
220804013 060
220804001 060
220804008 060
220802004 060
220802010 060
220803015 060
220803023 060
220803007 060
220701002 051
220701010 051
220701013 051
220701016 051
220701008 051
221303004 078
221303009 078
221303007 078
221002002 069
221003001 069
221001002 069
221004001 069
221004002 069
221005001 069
220701009 051
221002001 069
221302005 078
221302008 078
220903008 065
220203009 020
221303003 078
190101013 042
190103001 042
190102004 042
190101021 042
190101009 042
190101016 042
190101006 042
190101017 042
190303004 021
190303005 021
190302005 021
190302002 021
190302006 021
190302003 021
190101004 042
190101001 042
190301001 021
200420005 054
191104008 084
191104004 084
190704001 046
190901004 055
190903005 055
190903012 055
190903002 055
190903007 055
160910001 057
200901011 086
200901016 086
200901022 086
200901010 086
200901029 086
190201007 042
190201002 042
190201004 042
190201005 042
190201008 042
190202002 042
190202003 042
190403003 033
190902002 055
190902003 055
190903004 055
190903009 055
190903006 055
190903014 055
190501001 040
191104005 084
191104007 084
191102005 084
191102004 084
191102003 084
150606007 070
150606003 070
150303003 024
150101001 003
150101002 003
150103001 003
150108002 003
190503001 040
190502001 040
190502004 040
190502003 040
190502002 040
150606001 070
150303002 024
191002001 040
190703001 046
190703002 046
190703003 046
190701001 046
190702002 046
190702001 046
190604003 044
190604002 044
190602004 044
190602001 044
190602006 044
190605002 044
190605003 044
190606003 044
190606002 044
150606008 070
150606010 070
150604001 070
150604002 070
150106001 003
150802001 089
161106001 038
161106005 038
161102001 038
190802002 047
190801001 047
190801002 047
190801005 047
190801004 047
150704003 076
150606004 070
150202002 066
150607001 070
161105001 038
161104001 038
161103002 038
161103001 038
161106003 038
161106002 038
191001001 040
191004001 040
191002002 040
150702001 076
150702002 076
150701001 076
150701003 076
150703001 076
150703002 076
150705001 076
190801003 047
160909002 057
160909001 057
190607001 044
190802003 047
201003001 096
200802001 085
200802004 085
200802002 085
160902001 057
160908002 057
160702001 052
160807003 053
160804001 053
141101005 059
141101003 059
150402005 036
150402004 036
150902004 092
150902006 092
150902005 092
160101004 009
160102002 009
160904008 057
220503003 032
220503001 032
210701016 072
221401006 081
220105005 006
220102006 006
220105002 006
221106001 073
221001001 069
221006001 069
220802005 060
220803021 060
220802009 060
220802008 060
221302003 078
221301008 078
221301024 078
221301003 078
221301020 078
221301012 078
221301019 078
220902008 065
191103002 084
190404001 033
190404002 033
190201001 042
190101007 042
190101020 042
191103003 084
160904006 057
160904003 057
190302007 021
190303003 021
190303001 021
220903004 065
220903022 065
220903003 065
220903007 065
220903021 065
220901003 065
220901008 065
170501001 023
160906001 057
160905001 057
160901001 057
161004001 063
161002001 063
161003002 063
161006001 063
161005002 063
160910002 057
160601008 049
160601002 049
160401001 030
160902002 057
170304002 004
170304001 004
170103002 001
170101004 001
160601003 049
170804003 094
160404001 030
161101001 038
160903001 057
160904004 057
160904002 057
160203003 038
160203001 038
150801001 089
150804003 089
160204001 038
161001006 063
141301004 080
141301006 080
140701018 028
140701021 028
141301002 080
141301005 080
210803003 083
180703003 058
180802001 102
180204001 010
180204002 010
180208001 010
180205001 010
180202001 010
180201003 010
180201004 010
180201002 010
180207004 010
180207003 010
180207002 010
170501011 023
170706002 074
170706001 074
170607003 074
170604001 074
180601002 056
180601001 056
170501010 023
170701001 074
170603001 074
170602001 074
180602001 056
180603001 056
180604001 056
180103001 008
180206001 010
170705002 074
170704005 074
170704001 074
170607001 074
170601001 074
180702001 058
180701005 058
170703002 074
170702001 074
140603004 025
140603003 025
140201001 007
141203001 071
170103001 001
170303001 001
170101005 001
140701025 028
140502002 090
140502001 090
140501001 090
140501003 090
140501002 090
140504001 007
140504003 090
140504002 090
160101003 009
160101005 009
150804001 089
150504001 068
150506001 068
150506004 068
150605001 070
150606009 070
150601001 070
150204002 066
150803002 089
150803001 089
150902003 092
150204001 066
150206001 066
141101002 059
150901001 092
150402002 036
141101004 059
140801002 029
150301001 024
120505001 027
120501003 027
120501001 027
120504001 027
150401001 036
151004001 093
151005001 093
151003002 093
151006002 093
151006001 093
151002001 093
150505001 068
150502001 068
150502004 068
150502003 068
150512005 068
151003003 093
151003001 093
120502001 027
150501001 068
150501003 068
140801003 029
120801001 027
120503001 027
120506001 027
140702004 028
140702002 028
140702003 028
120507001 027
110202002 064
110202001 064
110201003 064
140309002 012
140307002 012
140307003 012
140307004 012
110202003 064
110201001 064
110303003 014
110303001 014
110502009 014
110502005 014
110502003 014
110502010 014
110502002 014
110401004 064
110401002 064
110403001 064
110203001 064
140901001 064
140901002 064
140402001 019
120303002 099
110303002 014
110302001 014
110304002 014
110305001 014
110307001 014
110308004 014
110308002 014
110409001 064
110409006 064
110409002 064
110409005 064
130102002 067
130203001 087
130203005 087
130203003 087
130201001 087
140205001 007
140205002 007
130203002 087
130301001 067
130104001 067
130205001 087
130203004 087
130208001 087
130207001 087
130301002 091
130101001 067
130301011 091
130301007 091
130301008 091
130301003 091
130301009 091
130301013 091
130301014 091
130301015 091
141201001 071
141202002 071
141202001 071
130206001 087
150302001 024
150507001 068
150606006 070
150603003 070
150602001 070
150506005 068
120604001 045
120601001 045
120601002 045
120603002 045
120603001 045
110407002 064
110407001 064
110411001 064
120402001 034
120404002 034
120403004 034
120403003 034
120403002 034
120406006 034
120406004 034
120406001 034
120406005 034
120404001 034
120401001 034
140302001 027
120901001 099
150501004 068
120803001 027
120802002 027
120704001 048
120705001 048
120701001 048
120103002 011
120101002 011
120101001 011
120101004 011
120707001 048
120707002 048
120708001 048
121003002 101
121006001 101
110818001 100
121007001 101
120904001 099
110102002 014
110102001 014
110812001 100
110806001 100
110808001 100
110813001 100
110824001 100
110810002 100
110810001 100
110807001 100
110809001 100
110809002 100
110811002 100
110811001 100
110820002 100
110801003 100
110801002 100
110801001 100
110805001 100
110101004 014
110101009 014
110605007 088
110605003 088
110605001 088
110605002 088
110605004 088
110604001 088
110601001 088
110601002 088
110606004 088
110606006 088
110606002 088
110606003 088
110606005 088
110802002 100
110802001 100
110802003 100
110823001 100
110821002 100
110603001 088
110607003 088
110607001 088
110607002 088
110602001 088
110703001 098
110704001 098
110702001 098
110702003 098
110807004 100
110816001 100
110803003 100
110803001 100
110705001 098
110701003 098
110701002 098
110701001 098
110701004 098
110817001 100
110804001 100
110804002 100
110807003 100
121005001 101
110101010 014
120305001 099
120303001 099
110101011 014
110103001 014
110104002 014
110104001 014
110103003 014
110101001 014
110501002 014
110404001 064
110406002 064
110502007 014
110503001 014
110405001 064
120602002 045
120602001 045
110103002 014
110102003 100
110803002 100
110101003 014
110101007 014
110605005 088
200703003 082
200703005 082
200801009 085
160102001 015
221303005 078
220301029 022
220301022 022
150402001 036
160101008 009
150106003 003
150603002 070
150201001 066
150501002 068
220301032 022
220903024 065
110812002 100
160202002 038
160301008 015
160301009 015
160101001 009
160301001 015
160301006 015
191103001 084
220201011 020
221303001 078
200703001 062
200703004 062
110605006 088
120605001 045
110503002 014
110504001 014
110402001 064
110502006 014
120302002 099
120302001 099
120302003 099
120304003 099
120304002 099
120903002 099
121005002 101
121004001 101
110822004 098
120301002 099
120902001 099
110601003 088
110101008 014
110820003 100
110820001 100
110822002 100
110815001 100
121003001 101
121001001 101
121006002 101
121002001 101
120103001 011
120703002 048
120709001 048
120707003 048
120101003 011
120102001 011
120102002 011
120901003 099
120901002 099
120903023 099
120401002 034
120406003 034
120406002 034
120403001 034
120404003 034
120402002 034
150506002 068
150512004 068
150305001 024
150511001 068
150511003 068
150516002 068
150304001 024
141203003 071
110408001 064
130106004 067
130301004 091
130301005 091
130201002 087
130102001 067
130103001 067
130107003 067
130105001 067
140311001 012
140311002 012
140306002 012
140901003 064
110403002 064
110502008 014
110502004 014
140902001 064
140902002 064
110203002 064
140602007 025
140602005 025
140602004 025
140301003 012
140306001 012
140304001 012
140309001 012
110201002 064
140301002 012
140601002 025
140301001 012
140702001 028
140308001 012
140305001 012
120201002 027
120802001 027
120805001 027
150510001 068
150511005 068
150503001 068
140801001 029
150509001 068
150513001 068
150502002 068
150502005 068
150511002 068
150107001 003
140701008 028
140801004 029
140802001 029
140802002 029
150203002 066
150203005 066
150605002 070
150508002 068
150508001 068
160301003 015
160201002 038
150104001 003
150101003 003
180106006 008
141001002 090
140602006 025
140602001 025
140602008 025
140701009 028
141205001 071
141204002 071
140204001 007
140204003 007
140202001 007
170605002 074
170601003 074
170703003 074
170704002 074
170607002 074
170606001 074
170501014 023
180201001 010
180203001 010
180106004 008
180401004 035
140701026 028
161001002 063
160201004 038
150704002 076
160202001 038
160202003 038
160203002 038
160907001 057
160907003 057
160907002 057
160907005 057
160402002 030
160402001 030
160403001 030
170302003 004
170302002 004
161001005 063
161001003 063
160902003 057
220903006 065
220901010 065
220903017 065
220903025 065
220903005 065
220902013 065
220204001 020
190302001 021
220902011 065
220902005 065
220902014 065
220902006 065
220902017 065
220902002 065
220902010 065
220402070 026
220402050 026
220402018 026
220402100 026
220402071 026
220804003 060
220301034 022
220104003 006
221401004 081
221401005 081
220102004 006
220102008 006
160101002 009
160904005 057
160101007 009
141101006 059
160803002 085
160803001 053
160702003 052
160908001 057
160904001 057
160805002 053
201003004 096
201003002 096
201003003 096
200801001 085
201001001 096
201001003 096
201001002 096
200402001 054
200402002 054
200402005 054
200409007 054
200410004 054
200425003 054
200425010 054
200401001 054
201002001 047
191003001 040
150203001 066
150203006 066
150203004 066
150203003 066
200425006 054
190601001 044
190601002 044
150705002 076
150106004 003
150106002 003
190602003 044
190602002 044
190604001 044
190603001 044
190606001 044
150105001 003
190502005 040
150102001 003
150102002 003
150103002 003
191102002 084
190903003 055
190902001 055
190402002 033
190402001 033
190401001 033
190403001 033
190201003 042
190201006 042
200420007 054
200403012 054
200407003 054
200407001 054
200407002 054
200403018 054
200901020 086
190903001 055
190901002 055
190901003 055
190901005 055
220902016 065
190303006 021
190101012 042
190102001 042
190101018 042
220902001 065
220203001 020
220203012 020
220902015 065
220902009 065
220902021 065
220902004 065
220902019 065
200407004 054
200407007 054
220701007 051
220701015 051
220702001 051
221004003 069
200102003 005
200102004 005
220701004 051
220803001 060
220804004 060
200415003 054
220402020 026
221301013 078
221304010 078
221304003 078
221304009 078
220204006 020
200415005 054
221301022 078
220204005 020
220701011 051
220103002 006
221201013 075
220601001 043
220602007 043
220602001 043
220602005 043
221201008 075
221201010 075
400000105 075
200302003 039
220102009 006
221105003 073
221106005 073
221106003 073
201103003 097
201103002 097
210202002 079
210201002 079
210602001 079
210601001 079
210103003 013
210103001 013
210503004 061
210503007 061
220502004 032
220501001 032
210503001 061
200417015 054
201103001 097
220502005 032
201102002 097
201102001 097
210301003 018
210302001 018
200201007 017
200201004 017
200205001 017
200203005 017
210701001 072
210901001 095
210903001 095
210902001 095
210904001 095
210102001 013
200404030 054
200204003 017
180801003 102
200408002 054
200701004 082
150402003 036
200702003 082
200508010 062
200701005 082
180301002 031
180304002 031
180304001 031
210401003 050
180401003 035
180401005 035
180106003 008
180106005 008
180106001 008
180105001 008
200504004 062
200701003 082
200701002 082
200503002 062
200503003 062
200508008 062
200506004 062
200503001 062
180703005 058
180506001 041
170203001 002
180205002 002
170202003 002
170202005 002
170301001 004
170204001 002
170402003 016
170403003 016
170405004 002
170405005 016
170401001 016
160501001 037
160501003 037
170802001 094
200419009 054
140701001 028
140603002 025
200409006 054
160802003 053
180503001 041
160602001 049
110819001 100
110814001 100
150106005 003
190802001 047
200204002 017
220402019 026
110606001 088
120903039 099
200417031 054
200417014 054
180703004 058
150804002 089
220902003 065
210803006 083
170201004 002
140503003 090
170804001 094
141002001 090
170206002 002
170206001 002
180508002 041
200507003 062
180804004 102
180804001 102
180804003 102
210802001 083
200601007 077
180804006 102
180804007 102
200202001 017
200303005 039
210303001 018
211003002 079
210502001 061
210503006 061
210503003 061
210503005 061
210501003 061
210501001 061
210502002 061
210603001 079
201103005 097
220701003 051
221304005 078
220402097 026
220402049 026
220402066 026
220803011 060
220803006 060
221302006 078
190101005 042
190301003 021
190903013 055
190401002 033
190402005 033
191102001 084
150107002 003
190605001 044
220503002 032
220105004 006
220402009 026
220402032 026
190404003 033
190903011 055
160906002 057
180207001 010
180701001 058
150515004 068
120502002 027
150515003 068
150515002 068
140310001 012
140310002 012
140601001 025
140303001 012
110301001 014
130108003 067
130106002 067
120606001 045
120903021 099
120903011 099
120903006 099
120903005 099
120903019 099
120903018 099
121008001 101
121009002 101
121009001 101
110821001 100
110807002 100
110706011 098
110702002 098
110706002 098
110706008 098
110706007 098
110706005 098
110706006 098
120706001 048
110105002 014
110105001 014
110105003 014
120606002 045
110203003 064
120903041 099
120903010 099
120903008 099
120903033 099
120903035 099
120903031 099
110706001 098
160301005 015
220402055 026
220402048 026
210503002 061
160201003 038
130107002 100
110706004 098
110820004 100
140401010 019
161005001 063
161003001 063
160807002 053
190602005 044
220701006 051
200501001 062
200501003 062
170601002 074
150205001 066
160201006 038
220701001 051
200505002 062
140401003 019
150510002 068
150506003 068
160907004 057
210602004 079
200417034 054
200705007 082
150515001 068
180106002 008
160805001 053
160807001 053
160802002 053
180511001 041
180402002 035
141203004 071
210905001 095
110706010 098
110706003 098
120501002 027
141003001 094
500000065 103
210302002 018
180802005 102
180803002 102
110401001 064
120405001 034
140302002 027
110403003 064
121006003 101
160701003 052
160701001 052
160701002 052
150202001 066
150303001 024
190302004 021
160101009 009
110502001 014
160205002 038
190304002 021
170201001 002
170201002 002
120903038 099
140501005 090
220102010 006
150902007 092
150607002 070
210202004 079
220502001 032
200507002 062
180511004 041
190101011 042
221301002 078
220401001 026
180103002 008
200101007 005
190901001 055
110101002 014
160301004 080
220201021 020
190301004 021
220301012 022
220301015 022
200802003 085
220601015 043
220901002 065
220701005 051
160702002 052
190903008 055
180701004 058
140307001 012
200701001 082
120904002 099
200601013 077
141301003 080
221401002 081
190303002 021
220602002 043
221301009 078
220801004 060
130202001 087
160802004 053
160205003 038
220203007 020
220204002 020
160206001 038
200705001 082
221304013 078
221301004 078
221301014 078
221301015 078
221301016 078
220201022 020
220201053 020
220903015 065
220301028 022
220301047 022
220402007 026
220402030 026
220402059 026
220402072 026
220402077 026
220402108 026
220402109 026
220803010 060
220803022 060
220803025 060
220804010 060
221304006 078
221304011 078
221304014 078
150606005 070
151002002 093
220901004 065
160603001 037
110505001 014
220102011 006
200201002 017
200201005 017
120903003 099
120903036 099
120903001 099
220804009 060
220801007 060
110412004 064
200406014 054
200412013 054
200417029 054
200406006 054
200407005 054
200417023 054
200417035 054
200417033 054
200412018 054
200417002 054
120703001 048
200410001 054
170202001 002
120201001 027
210401007 050
221401007 081
150507002 068
220402096 026
220402047 026
200505004 062
200506002 062
200506005 062
210701017 072
210103002 013
210201003 079
190402004 033
191104001 084
140501004 090
500000064 103
200408004 054
200411001 077
161106004 038
220402060 026
220102007 006
220105001 006
110308003 014
110308001 014
220702002 051
200409012 054
220301059 022
220402116 026
220402117 026
220402118 026
220402119 026
220402221 026
180401009 035
221401011 081
180703006 058
180703007 058
220402123 026
220601020 043
200414009 054
130104002 067
120502003 027
110501003 014
190703004 046
220102012 006
141301007 080
110705002 098
110304003 014
210503009 061
210503010 061
210503011 061
190101022 042
190102005 042
140206001 007
180106007 008
140304003 012
220102015 006
220102016 006
220102017 006
140602002 025
140701042 028
140701044 028
140701045 028
180302003 031
220102013 006
200601012 077
150508003 062
160904007 057
190603002 044
221301026 078
170402007 016
170803003 094
150502006 068
150502007 068
201101003 097
150501005 068
200508012 062
200101021 005
190903015 055
200304014 039
220203013 020
220203014 020
220203016 020
220203017 020
160301011 015
190402007 033
161003003 063
140702005 028
200409013 054
150512006 068
140504004 090
210402003 050
150506006 068
130208002 087
110606007 088
200901033 086
200305009 039
160701004 052
180802006 102
180401010 035
130105002 067
221301027 078
220402125 026
220402126 026
200302004 039
140702007 028
140702008 028
220203015 020
220203018 020
180104003 008
180106008 008
180105005 008
120604002 045
120606003 045
110706012 098
180401011 035
140802003 029
200405045 054
190901008 055
190901009 055
141203005 071
200416002 054
200403022 054
110706013 098
110403004 064
110505002 014
200420015 054
220701017 051
220701018 051
110706014 098
110605008 088
110501005 014
180508008 041
180511008 041
160405002 030
220701019 051
200504010 062
190602009 044
190602010 044
150201002 066
200412021 054
150402006 036
180511009 041
121003003 101
130208003 067
220204008 020
160904009 057
200417039 054
200415015 054
200415002 054
200409014 054
140401012 019
200304015 039
200417019 054
200405046 054
190304003 021
190303009 021
200901035 086
200101022 005
200801011 085
200415016 054
200417040 054
220502006 032
221301028 078
220201065 020
220201066 020
220301061 022
220301062 022
220301063 022
220301064 022
220301065 022
220301066 022
220301068 022
220301069 022
220301070 022
220301071 022
220301072 022
220301073 022
220301074 022
220301075 022
220301078 022
220301079 022
221302009 078
220402130 026
220402131 026
220803030 060
220803031 060
220903026 065
221304015 078
221304016 078
221304017 078
190401003 033
220301091 022
220301092 022
220301093 022
220701020 051
200415017 054
170607004 074
180512002 041
190305001 021
190300503 021
190303007 021
190303010 021
110101013 014
200419015 054
200403023 054
200414010 054
200412022 054
200412023 054
210701024 072
150805002 089
170201005 002
220903027 065
220903028 065
220903029 065
180512003 041
220402036 026
190901010 055
120903029 099
110101014 014
110402002 064
140801005 029
180802007 102
141002002 090
170202004 002
150506007 068
211003003 079
120406007 034
220801010 060
220801011 060
180508007 041
110403005 064
220301021 022
220301084 022
220301086 022
110403006 064
110202004 064
220301087 022
220301088 022
130105003 067
200101009 005
170607005 074
190903016 055
190602011 044
220301089 022
200504011 062
200504012 062
160807004 053
160703011 052
180703008 058
180201005 010
160601009 049
160201007 038
110307002 014
110706009 098
200601014 077
221303010 078
220201067 020
200701006 082
160301013 015
160301014 015
160301015 015
160301016 015
160301017 015
160301018 015
141301008 080
141301009 080
141301011 080
120301003 025
140603005 025
140603006 025
140203009 007
110815002 100
191002003 040
140701034 028
160907006 057
190802004 047
220402080 026
220102032 006
220102033 006
140401011 019
150511006 068
150803003 089
170801003 094
220301094 022
220301095 022
200201008 017
110101015 014
170101007 001
170101008 001
200419036 054
200417044 054
200417045 054
200417046 054
200417047 054
200417048 054
200417049 054
200417050 054
140307005 012
140301004 012
140309003 012
110807006 100
110821003 100
160501006 037
200304009 039
200417051 054
200423007 054
200412024 054
200417052 054
200417012 054
190101023 042
221401010 081
221401012 081
221304008 078
220602009 043
220602010 043
220402037 026
110502011 014
220203028 020
220402045 026
221304018 078
191101002 084
150305002 024
150501006 068
150501007 068
150515006 068
150506008 068
140401015 019
200412025 054
200417055 054
180804005 102
200301004 039
190501002 040
140401016 019
200301005 039
200508014 062
180304003 031
190502006 040
190502007 040
190704002 046
150701004 076
150105003 003
220201068 020
220402129 026
220204010 020
200414011 054
220402137 026
221401013 081
220402061 026
220402062 026
220101003 006
220902020 065
210402004 050
170501016 023
170702002 074
170704006 074
170704007 074
170605003 074
200801012 085
140203010 007
170607006 074
200419037 054
220301082 022
200405049 054
200406024 054
160904010 057
200304012 039
200304017 039
200304018 039
200405050 054
220203005 020
110821004 100
200405051 054
221301017 078
110706015 098
170501018 023
200412026 054
140204004 007
200405052 054
200405053 054
200412028 054
110304004 014
200601015 077
191104009 084
110609001 088
140401017 019
140602009 025
110101016 014
200417058 054
200405054 054
210503012 061
110106001 014
201001004 096
200420016 054
161001007 063
120405002 034
160904011 057
200406025 054
110807008 100
110821005 100
200415019 054
201004003 096
200417059 054
200417060 054
200417061 054
200405057 054
200405058 054
200405059 054
221004004 069
200201009 017
200201010 017
200201011 017
140702009 028
120507002 027
120101005 011
110407003 064
110802006 100
200901006 086
200405060 054
210501004 061
200417066 054
200419039 054
200419041 054
140203011 007
200405061 054
200409015 054
220401002 026
200405062 054
140307006 012
200407014 054
200412031 054
200414013 054
200412032 054
180106009 008
110606008 088
120606005 045
120903020 045
140401018 019
220102018 006
180207005 010
180703009 058
110501004 014
200601016 077
221201014 075
120603003 045
191103004 084
160807006 053
180603002 056
220903011 065
220902007 065
200101024 005
220105006 006
200204007 017
220701021 051
200701007 082
210503013 061
160101006 009
160101010 009
150501008 068
120701002 048
120801002 027
120801003 027
120705002 048
191101003 084
221301010 078
161001008 063
220203006 020
220402046 026
160301020 015
140304002 012
200415014 054
220301041 022
170804004 094
150108003 003
110409003 064
200901040 086
190101010 042
190101024 042
220903014 065
220803033 060
220901011 065
190101027 042
221301023 078
170802003 094
140203012 007
220402132 026
140401019 019
140401021 019
140401020 019
110821006 100
160301019 080
220803008 060
220803009 060
221303011 078
211001005 079
140301005 012
120601003 045
120604004 045
200405031 054
200405033 054
200404009 054
200404031 054
200404032 054
110802005 100
220402021 026
