*F 11 2
0005691 8099877//1//
0005692 8099881//1//
0005696 8299999//1//
0005699 8025196//1//
0005700 8099888//1//
0005703 8025356//1//
0005706 8299990/30000//809/
0005707 AVL
0005708 CFL
0005709 RGTR
0005711 8299983//1//
0005712 8299981//1//
0005715 8299994//1//
0005716 8099880//1//
0005719 8099876///1//
0005723 8719100//1//
0005725 8299984//1//
0005726 8799879//1//
0005728 8099883/1
0005730 8099882//1//
0005731 8299982//1//
0005732 8200100/200000/1/809/
0000001 10010
0000002 10012
0000003 10014
0000004 10016
0000005 10018
0000006 10020
0000007 10022
0000008 10024
0000009 10026
0000010 10028
0000011 10001
0000012 10002
0000013 10003
0000014 10004
0000015 10005
0000016 10006
0000017 10007
0000018 10008
0000019 10009
0000020 10011
0000021 10013
0000022 10015
0000023 10017
0000024 10019
0000025 10021
0000026 10023
0000027 10025
0000028 10027
0000029 10029
0000030 10030
0000031 10031
0000032 10032
0000033 10033
0000034 10034
0000035 12009
0000036 12011
0000037 12013
0000038 12015
0000039 12017
0000040 12019
0000041 12021
0000042 12023
0000043 12025
0000044 12027
0000045 12029
0000046 12033
0000047 12001
0000048 12002
0000049 12003
0000050 12004
0000051 12005
0000052 12006
0000053 12007
0000054 12008
0000055 12010
0000056 12012
0000057 12014
0000058 12016
0000059 12018
0000060 12020
0000061 12022
0000062 12024
0000063 12026
0000064 12028
0000065 12030
0000066 12031
0000067 12032
0000068 12210
0000069 12212
0000070 12214
0000071 12216
0000072 12218
0000073 12220
0000074 12222
0000075 12224
0000076 12226
0000077 12228
0000078 12230
0000079 12234
0000080 12201
0000081 12202
0000082 12203
0000083 12204
0000084 12205
0000085 12206
0000086 12207
0000087 12208
0000088 12209
0000089 12211
0000090 12213
0000091 12215
0000092 12217
0000093 12219
0000094 12221
0000095 12223
0000096 12225
0000097 12227
0000098 12229
0000099 12231
0000100 12232
0000101 12233
0000102 13007
0000103 13010
0000104 13013
0000105 13016
0000106 13019
0000107 13022
0000108 13025
0000109 13028
0000110 13031
0000111 13034
0000112 13037
0000113 13040
0000114 13043
0000115 13038
0000116 13039
0000117 13041
0000118 13042
0000119 13401
0000120 13402
0000121 13403
0000122 13404
0000123 13405
0000124 13003
0000125 13001
0000126 13002
0000127 13004
0000128 13005
0000129 13006
0000130 13008
0000131 13009
0000132 13011
0000133 13012
0000134 13014
0000135 13015
0000136 13017
0000137 13018
0000138 13020
0000139 13021
0000140 13023
0000141 13024
0000142 13026
0000143 13027
0000144 13029
0000145 13030
0000146 13032
0000147 13033
0000148 13035
0000149 13036
0000150 13339
0000151 13341
0000152 13309
0000153 13312
0000154 13315
0000155 13318
0000156 13321
0000157 13324
0000158 13327
0000159 13330
0000160 13333
0000161 13336
0000162 13300
0000163 13301
0000164 13338
0000165 13340
0000166 13342
0000167 13421
0000168 13422
0000169 13423
0000170 13424
0000171 133001
0000172 13302
0000173 13303
0000174 13304
0000175 13305
0000176 13306
0000177 13307
0000178 13308
0000179 13310
0000180 13311
0000181 13313
0000182 13314
0000183 13316
0000184 13317
0000185 13319
0000186 13320
0000187 13322
0000188 13323
0000189 13325
0000190 13326
0000191 13328
0000192 13329
0000193 13331
0000194 13332
0000195 13334
0000196 13335
0000197 13337
0000198 14008
0000199 14011
0000200 14014
0000201 14017
0000202 14020
0000203 14023
0000204 14026
0000205 14029
0000206 14032
0000207 14035
0000208 14038
0000209 14041
0000210 14044
0000211 14047
0000212 14049
0000213 14002
0000214 14001
0000215 14042
0000216 14043
0000217 14045
0000218 14046
0000219 14048
0000220 14050
0000221 14501
0000222 14502
0000223 14503
0000224 14504
0000225 14012
0000226 14003
0000227 14004
0000228 14005
0000229 14006
0000230 14007
0000231 14009
0000232 14010
0000233 14013
0000234 14015
0000235 14016
0000236 14018
0000237 14019
0000238 14021
0000239 14022
0000240 14024
0000241 14025
0000242 14027
0000243 14028
0000244 14030
0000245 14031
0000246 14033
0000247 14034
0000248 14036
0000249 14037
0000250 14039
0000251 14040
0000252 14440
0000253 14442
0000254 14408
0000255 14411
0000256 14414
0000257 14417
0000258 14420
0000259 14423
0000260 14426
0000261 14429
0000262 14432
0000263 14435
0000264 14438
0000265 14444
0000266 14446
0000267 14401
0000268 14402
0000269 14441
0000270 14443
0000271 14445
0000272 14447
0000273 14521
0000274 14522
0000275 14523
0000276 14524
0000277 14409
0000278 14403
0000279 14404
0000280 14405
0000281 14406
0000282 14407
0000283 14410
0000284 14412
0000285 14413
0000286 14415
0000287 14416
0000288 14418
0000289 14419
0000290 14421
0000291 14422
0000292 14424
0000293 14425
0000294 14427
0000295 14428
0000296 14430
0000297 14431
0000298 14433
0000299 14434
0000300 14436
0000301 14437
0000302 14439
0000303 17009
0000304 17012
0000305 17015
0000306 17018
0000307 17021
0000308 17024
0000309 17027
0000310 17030
0000311 17033
0000312 17036
0000313 17039
0000314 17042
0000315 17045
0000316 17046
0000317 17001
0000318 17002
0000319 17041
0000320 17043
0000321 17044
0000322 17801
0000323 17802
0000324 17803
0000325 17804
0000326 17008
0000327 17025
0000328 17003
0000329 17004
0000330 17005
0000331 17006
0000332 17007
0000333 17010
0000334 17011
0000335 17013
0000336 17014
0000337 17016
0000338 17017
0000339 17019
0000340 17020
0000341 17022
0000342 17023
0000343 17026
0000344 17028
0000345 17029
0000346 17031
0000347 17032
0000348 17034
0000349 17035
0000350 17037
0000351 17038
0000352 17040
0000353 17710
0000354 17713
0000355 17716
0000356 17719
0000357 17722
0000358 17725
0000359 17728
0000360 17731
0000361 17734
0000362 17737
0000363 17740
0000364 17743
0000365 17746
0000366 17701
0000367 17702
0000368 17703
0000369 17741
0000370 17742
0000371 17744
0000372 17745
0000373 17821
0000374 17822
0000375 17823
0000376 17705
0000377 17709
0000378 17726
0000379 17704
0000380 17706
0000381 17707
0000382 17708
0000383 17711
0000384 17712
0000385 17714
0000386 17715
0000387 17717
0000388 17718
0000389 17720
0000390 17721
0000391 17723
0000392 17724
0000393 17727
0000394 17729
0000395 17730
0000396 17732
0000397 17733
0000398 17735
0000399 17736
0000400 17738
0000401 17739
0000402 1002
0000403 1005
0000404 1010
0000405 1015
0000406 1020
0000407 1025
0000408 1030
0000409 1035
0000410 1040
0000411 1045
0000412 1050
0000413 1055
0000414 1060
0000415 1065
0000416 1070
0000417 1073
0000418 1076
0000419 1078
0000420 1080
0000421 1071
0000422 1074
0000423 1075
0000424 1004
0000425 1079
0000426 1003
0000427 1072
0000428 1077
0000429 1001
0000430 1201
0000431 1202
0000432 1203
0000433 1204
0000434 1205
0000435 1006
0000436 1007
0000437 1013
0000438 1014
0000439 1022
0000440 1023
0000441 1028
0000442 1031
0000443 1039
0000444 1042
0000445 1046
0000446 1053
0000447 1054
0000448 1058
0000449 1062
0000450 1067
0000451 1068
0000452 1012
0000453 1019
0000454 1021
0000455 1029
0000456 1032
0000457 1034
0000458 1043
0000459 1052
0000460 1056
0000461 1011
0000462 1016
0000463 1017
0000464 1024
0000465 1027
0000466 1036
0000467 1037
0000468 1044
0000469 1059
0000470 1064
0000471 1008
0000472 1009
0000473 1018
0000474 1026
0000475 1033
0000476 1038
0000477 1041
0000478 1047
0000479 1048
0000480 1049
0000481 1051
0000482 1057
0000483 1061
0000484 1063
0000485 1066
0000486 1069
0000487 1104
0000488 1106
0000489 1111
0000490 1116
0000491 1121
0000492 1126
0000493 1131
0000494 1136
0000495 1141
0000496 1146
0000497 1151
0000498 1156
0000499 1161
0000500 1166
0000501 1171
0000502 1174
0000503 1177
0000504 1179
0000505 1181
0000506 1103
0000507 1173
0000508 1175
0000509 1178
0000510 1172
0000511 1176
0000512 1180
0000513 1105
0000514 1221
0000515 1222
0000516 1223
0000517 1224
0000518 1225
0000519 1102
0000520 1101
0000521 1107
0000522 1113
0000523 1114
0000524 1120
0000525 1122
0000526 1129
0000527 1130
0000528 1135
0000529 1138
0000530 1147
0000531 1149
0000532 1153
0000533 1162
0000534 1169
0000535 1109
0000536 1110
0000537 1118
0000538 1119
0000539 1127
0000540 1128
0000541 1137
0000542 1139
0000543 1142
0000544 1150
0000545 1159
0000546 1123
0000547 1124
0000548 1132
0000549 1134
0000550 1143
0000551 1144
0000552 1152
0000553 1163
0000554 1167
0000555 1112
0000556 1115
0000557 1117
0000558 1125
0000559 1133
0000560 1140
0000561 1145
0000562 1148
0000563 1154
0000564 1155
0000565 1157
0000566 1158
0000567 1160
0000568 1164
0000569 1165
0000570 1168
0000571 1170
0000572 1108
0000573 2001
0000574 2003
0000575 2006
0000576 2011
0000577 2016
0000578 2021
0000579 2026
0000580 2031
0000581 2036
0000582 2041
0000583 2046
0000584 2051
0000585 2056
0000586 2061
0000587 2066
0000588 2069
0000589 2071
0000590 2070
0000591 2072
0000592 2073
0000593 2002
0000594 2074
0000595 2301
0000596 2302
0000597 2303
0000598 2304
0000599 2305
0000600 2008
0000601 2010
0000602 2014
0000603 2015
0000604 2019
0000605 2020
0000606 2022
0000607 2025
0000608 2028
0000609 2032
0000610 2038
0000611 2039
0000612 2045
0000613 2050
0000614 2053
0000615 2054
0000616 2062
0000617 2063
0000618 2068
0000619 2012
0000620 2018
0000621 2027
0000622 2033
0000623 2052
0000624 2058
0000625 2064
0000626 2004
0000627 2005
0000628 2007
0000629 2009
0000630 2013
0000631 2017
0000632 2023
0000633 2024
0000634 2029
0000635 2030
0000636 2034
0000637 2035
0000638 2037
0000639 2040
0000640 2042
0000641 2043
0000642 2044
0000643 2047
0000644 2048
0000645 2049
0000646 2055
0000647 2057
0000648 2059
0000649 2060
0000650 2065
0000651 2067
0000652 2202
0000653 2204
0000654 2209
0000655 2214
0000656 2219
0000657 2224
0000658 2229
0000659 2234
0000660 2239
0000661 2244
0000662 2249
0000663 2254
0000664 2259
0000665 2264
0000666 2269
0000667 2271
0000668 2273
0000669 2272
0000670 2274
0000671 2275
0000672 2203
0000673 2276
0000674 2321
0000675 2322
0000676 2323
0000677 2324
0000678 2201
0000679 2212
0000680 2215
0000681 2218
0000682 2220
0000683 2223
0000684 2225
0000685 2226
0000686 2230
0000687 2232
0000688 2236
0000689 2242
0000690 2243
0000691 2250
0000692 2251
0000693 2255
0000694 2257
0000695 2258
0000696 2266
0000697 2267
0000698 2206
0000699 2216
0000700 2222
0000701 2231
0000702 2237
0000703 2256
0000704 2262
0000705 2205
0000706 2268
0000707 2207
0000708 2208
0000709 2210
0000710 2211
0000711 2213
0000712 2217
0000713 2221
0000714 2227
0000715 2228
0000716 2233
0000717 2235
0000718 2238
0000719 2240
0000720 2241
0000721 2245
0000722 2246
0000723 2247
0000724 2248
0000725 2252
0000726 2253
0000727 2260
0000728 2261
0000729 2263
0000730 2265
0000731 2270
0000732 3005
0000733 3008
0000734 3011
0000735 3014
0000736 3017
0000737 3020
0000738 3023
0000739 3026
0000740 3029
0000741 3032
0000742 3035
0000743 3038
0000744 3041
0000745 3043
0000746 3046
0000747 3049
0000748 3051
0000749 3001
0000750 3002
0000751 3044
0000752 3045
0000753 3047
0000754 3048
0000755 3050
0000756 3052
0000757 3401
0000758 3403
0000759 3404
0000760 3405
0000761 3402
0000762 3006
0000763 3007
0000764 3003
0000765 3004
0000766 3009
0000767 3010
0000768 3012
0000769 3013
0000770 3015
0000771 3016
0000772 3018
0000773 3019
0000774 3021
0000775 3022
0000776 3024
0000777 3025
0000778 3027
0000779 3028
0000780 3030
0000781 3031
0000782 3033
0000783 3034
0000784 3036
0000785 3037
0000786 3039
0000787 3040
0000788 3042
0000789 3341
0000790 3343
0000791 3306
0000792 3309
0000793 3312
0000794 3315
0000795 3318
0000796 3321
0000797 3324
0000798 3327
0000799 3330
0000800 3333
0000801 3336
0000802 3339
0000803 3345
0000804 3347
0000805 3301
0000806 3302
0000807 3342
0000808 3344
0000809 3346
0000810 3348
0000811 3421
0000812 3423
0000813 3422
0000814 3308
0000815 3303
0000816 3304
0000817 3305
0000818 3307
0000819 3310
0000820 3311
0000821 3313
0000822 3314
0000823 3316
0000824 3317
0000825 3319
0000826 3320
0000827 3322
0000828 3323
0000829 3325
0000830 3326
0000831 3328
0000832 3329
0000833 3331
0000834 3332
0000835 3334
0000836 3335
0000837 3337
0000838 3338
0000839 3340
0000840 4002
0000841 4072
0000842 4074
0000843 4004
0000844 4009
0000845 4014
0000846 4019
0000847 4024
0000848 4029
0000849 4034
0000850 4039
0000851 4044
0000852 4049
0000853 4054
0000854 4059
0000855 4064
0000856 4069
0000857 4073
0000858 4001
0000859 4071
0000860 4502
0000861 4503
0000862 4504
0000863 4501
0000864 4075
0000865 4005
0000866 4007
0000867 4008
0000868 4012
0000869 4018
0000870 4022
0000871 4027
0000872 4032
0000873 4033
0000874 4035
0000875 4040
0000876 4043
0000877 4045
0000878 4048
0000879 4050
0000880 4053
0000881 4055
0000882 4062
0000883 4011
0000884 4015
0000885 4036
0000886 4046
0000887 4047
0000888 4056
0000889 4058
0000890 4061
0000891 4063
0000892 4070
0000893 4006
0000894 4010
0000895 4042
0000896 4057
0000897 4065
0000898 4003
0000899 4013
0000900 4016
0000901 4017
0000902 4020
0000903 4021
0000904 4023
0000905 4025
0000906 4026
0000907 4028
0000908 4030
0000909 4031
0000910 4037
0000911 4038
0000912 4041
0000913 4051
0000914 4052
0000915 4060
0000916 4066
0000917 4067
0000918 4068
0000919 4402
0000920 4405
0000921 4410
0000922 4415
0000923 4420
0000924 4425
0000925 4430
0000926 4435
0000927 4440
0000928 4445
0000929 4450
0000930 4455
0000931 4460
0000932 4465
0000933 4470
0000934 4473
0000935 4475
0000936 4477
0000937 4479
0000938 4401
0000939 4476
0000940 4480
0000941 4403
0000942 4472
0000943 4474
0000944 4478
0000945 4521
0000946 4522
0000947 4523
0000948 4524
0000949 4414
0000950 4416
0000951 4418
0000952 4428
0000953 4429
0000954 4436
0000955 4438
0000956 4439
0000957 4441
0000958 4446
0000959 4449
0000960 4451
0000961 4467
0000962 4407
0000963 4411
0000964 4421
0000965 4442
0000966 4452
0000967 4454
0000968 4459
0000969 4466
0000970 4469
0000971 4404
0000972 4406
0000973 4448
0000974 4453
0000975 4461
0000976 4471
0000977 4408
0000978 4409
0000979 4412
0000980 4413
0000981 4417
0000982 4419
0000983 4422
0000984 4423
0000985 4424
0000986 4426
0000987 4427
0000988 4431
0000989 4432
0000990 4433
0000991 4434
0000992 4437
0000993 4443
0000994 4444
0000995 4447
0000996 4456
0000997 4457
0000998 4458
0000999 4462
0001000 4463
0001001 4464
0001002 4468
0001003 5002
0001004 5004
0001005 5008
0001006 5013
0001007 5018
0001008 5023
0001009 5028
0001010 5033
0001011 5038
0001012 5043
0001013 5048
0001014 5053
0001015 5058
0001016 5063
0001017 5068
0001018 5071
0001019 5072
0001020 5073
0001021 5074
0001022 5001
0001023 5003
0001024 5070
0001025 5601
0001026 5602
0001027 5603
0001028 5604
0001029 5009
0001030 5010
0001031 5012
0001032 5016
0001033 5022
0001034 5026
0001035 5034
0001036 5040
0001037 5046
0001038 5061
0001039 5014
0001040 5017
0001041 5019
0001042 5025
0001043 5029
0001044 5031
0001045 5036
0001046 5042
0001047 5049
0001048 5054
0001049 5064
0001050 5065
0001051 5024
0001052 5030
0001053 5035
0001054 5041
0001055 5047
0001056 5055
0001057 5005
0001058 5006
0001059 5007
0001060 5011
0001061 5015
0001062 5020
0001063 5021
0001064 5027
0001065 5032
0001066 5037
0001067 5039
0001068 5044
0001069 5045
0001070 5050
0001071 5051
0001072 5052
0001073 5056
0001074 5057
0001075 5059
0001076 5060
0001077 5062
0001078 5066
0001079 5067
0001080 5069
0001081 5504
0001082 5507
0001083 5512
0001084 5517
0001085 5522
0001086 5527
0001087 5532
0001088 5537
0001089 5542
0001090 5547
0001091 5552
0001092 5557
0001093 5562
0001094 5567
0001095 5571
0001096 5573
0001097 5574
0001098 5575
0001099 5502
0001100 5572
0001101 5501
0001102 5503
0001103 5570
0001104 5621
0001105 5624
0001106 5622
0001107 5623
0001108 5509
0001109 5510
0001110 5513
0001111 5514
0001112 5518
0001113 5520
0001114 5524
0001115 5531
0001116 5538
0001117 5544
0001118 5550
0001119 5554
0001120 5555
0001121 5559
0001122 5560
0001123 5516
0001124 5521
0001125 5523
0001126 5529
0001127 5534
0001128 5535
0001129 5540
0001130 5546
0001131 5551
0001132 5553
0001133 5561
0001134 5569
0001135 5511
0001136 5515
0001137 5528
0001138 5533
0001139 5539
0001140 5545
0001141 5563
0001142 5568
0001143 5505
0001144 5506
0001145 5508
0001146 5519
0001147 5525
0001148 5526
0001149 5530
0001150 5536
0001151 5541
0001152 5543
0001153 5548
0001154 5549
0001155 5556
0001156 5558
0001157 5564
0001158 5565
0001159 5566
0001160 6003
0001161 6002
0001162 6012
0001163 6013
0001164 6017
0001165 6004
0001166 6005
0001167 6006
0001168 6007
0001169 6008
0001170 6010
0001171 6011
0001172 6014
0001173 6015
0001174 6016
0001175 6701
0001176 6702
0001177 6703
0001178 6704
0001179 6705
0001180 6706
0001181 6707
0001182 6708
0001183 6602
0001184 6612
0001185 6613
0001186 6617
0001187 6604
0001188 6605
0001189 6606
0001190 6607
0001191 6608
0001192 6609
0001193 6610
0001194 6611
0001195 6614
0001196 6615
0001197 6616
0001198 6601
0001199 6603
0001200 7012
0001201 7017
0001202 7022
0001203 7027
0001204 7032
0001205 7037
0001206 7042
0001207 7047
0001208 7052
0001209 7057
0001210 7062
0001211 7067
0001212 7070
0001213 7073
0001214 7076
0001215 7068
0001216 7071
0001217 7074
0001218 7069
0001219 7072
0001220 7075
0001221 7077
0001222 7066
0001223 7801
0001224 7802
0001225 7804
0001226 7803
0001227 7002
0001228 7003
0001229 7011
0001230 7014
0001231 7018
0001232 7019
0001233 7025
0001234 7028
0001235 7030
0001236 7031
0001237 7046
0001238 7050
0001239 7005
0001240 7006
0001241 7007
0001242 7010
0001243 7016
0001244 7021
0001245 7024
0001246 7034
0001247 7036
0001248 7040
0001249 7048
0001250 7049
0001251 7063
0001252 7064
0001253 7004
0001254 7020
0001255 7029
0001256 7035
0001257 7041
0001258 7043
0001259 7054
0001260 7056
0001261 7001
0001262 7008
0001263 7009
0001264 7013
0001265 7015
0001266 7023
0001267 7026
0001268 7033
0001269 7038
0001270 7039
0001271 7044
0001272 7045
0001273 7051
0001274 7053
0001275 7055
0001276 7058
0001277 7059
0001278 7060
0001279 7061
0001280 7065
0001281 7715
0001282 7720
0001283 7725
0001284 7730
0001285 7735
0001286 7740
0001287 7745
0001288 7750
0001289 7755
0001290 7760
0001291 7765
0001292 7768
0001293 7771
0001294 7774
0001295 7776
0001296 7766
0001297 7769
0001298 7772
0001299 7767
0001300 7770
0001301 7773
0001302 7775
0001303 7777
0001304 7701
0001305 7821
0001306 7822
0001307 7823
0001308 7704
0001309 7714
0001310 7716
0001311 7717
0001312 7722
0001313 7728
0001314 7732
0001315 7733
0001316 7734
0001317 7738
0001318 7754
0001319 7761
0001320 7703
0001321 7708
0001322 7709
0001323 7710
0001324 7713
0001325 7719
0001326 7723
0001327 7724
0001328 7727
0001329 7737
0001330 7739
0001331 7744
0001332 7752
0001333 7759
0001334 7705
0001335 7707
0001336 7721
0001337 7746
0001338 7748
0001339 7751
0001340 7702
0001341 7706
0001342 7711
0001343 7712
0001344 7718
0001345 7726
0001346 7729
0001347 7731
0001348 7736
0001349 7741
0001350 7742
0001351 7743
0001352 7747
0001353 7749
0001354 7753
0001355 7756
0001356 7757
0001357 7758
0001358 7762
0001359 7763
0001360 7764
0001361 8009
0001362 8011
0001363 8013
0001364 8015
0001365 8017
0001366 8019
0001367 8021
0001368 8023
0001369 8025
0001370 8027
0001371 8029
0001372 8033
0001373 8001
0001374 8002
0001375 8003
0001376 8004
0001377 8005
0001378 8006
0001379 8007
0001380 8008
0001381 8010
0001382 8012
0001383 8014
0001384 8016
0001385 8018
0001386 8020
0001387 8022
0001388 8024
0001389 8026
0001390 8028
0001391 8030
0001392 8031
0001393 8032
0001394 8037
0001395 8034
0001396 8035
0001397 8036
0001398 8038
0001399 8039
0001400 8809
0001401 8811
0001402 8813
0001403 8815
0001404 8817
0001405 8819
0001406 8821
0001407 8823
0001408 8825
0001409 8827
0001410 8829
0001411 8833
0001412 8801
0001413 8802
0001414 8803
0001415 8804
0001416 8805
0001417 8806
0001418 8807
0001419 8808
0001420 8810
0001421 8812
0001422 8814
0001423 8816
0001424 8818
0001425 8820
0001426 8822
0001427 8824
0001428 8826
0001429 8828
0001430 8830
0001431 8831
0001432 8832
0001433 8837
0001434 8834
0001435 8835
0001436 8836
0001437 8838
0001438 9009
0001439 9011
0001440 9013
0001441 9015
0001442 9017
0001443 9019
0001444 9021
0001445 9023
0001446 9025
0001447 9027
0001448 9001
0001449 9002
0001450 9003
0001451 9004
0001452 9005
0001453 9006
0001454 9007
0001455 9008
0001456 9010
0001457 9012
0001458 9014
0001459 9016
0001460 9018
0001461 9020
0001462 9022
0001463 9024
0001464 9026
0001465 9028
0001466 9029
0001467 9030
0001468 9909
0001469 9911
0001470 9913
0001471 9915
0001472 9917
0001473 9919
0001474 9921
0001475 9923
0001476 9925
0001477 9927
0001478 9901
0001479 9902
0001480 9903
0001481 9904
0001482 9905
0001483 9906
0001484 9907
0001485 9908
0001486 9910
0001487 9912
0001488 9914
0001489 9916
0001490 9918
0001491 9920
0001492 9922
0001493 9924
0001494 9926
0001495 9928
0001496 9929
0001497 9930
0001498 15003
0001499 15006
0001500 15009
0001501 15012
0001502 15015
0001503 15018
0001504 15021
0001505 15024
0001506 15027
0001507 15030
0001508 15033
0001509 15036
0001510 15039
0001511 15042
0001512 15045
0001513 15048
0001514 15051
0001515 15043
0001516 15044
0001517 15046
0001518 15047
0001519 15049
0001520 15050
0001521 15052
0001522 15602
0001523 15603
0001524 15605
0001525 15601
0001526 15604
0001527 15001
0001528 15002
0001529 15004
0001530 15005
0001531 15007
0001532 15008
0001533 15010
0001534 15011
0001535 15013
0001536 15014
0001537 15016
0001538 15017
0001539 15019
0001540 15020
0001541 15022
0001542 15023
0001543 15025
0001544 15026
0001545 15028
0001546 15029
0001547 15031
0001548 15032
0001549 15034
0001550 15035
0001551 15037
0001552 15038
0001553 15040
0001554 15041
0001555 15544
0001556 15546
0001557 15548
0001558 15506
0001559 15509
0001560 15512
0001561 15515
0001562 15518
0001563 15521
0001564 15524
0001565 15527
0001566 15530
0001567 15533
0001568 15536
0001569 15539
0001570 15542
0001571 15501
0001572 15543
0001573 15545
0001574 15547
0001575 15621
0001576 15622
0001577 15624
0001578 15623
0001579 15502
0001580 15503
0001581 15504
0001582 15505
0001583 15507
0001584 15508
0001585 15510
0001586 15511
0001587 15513
0001588 15514
0001589 15516
0001590 15517
0001591 15519
0001592 15520
0001593 15522
0001594 15523
0001595 15525
0001596 15526
0001597 15528
0001598 15529
0001599 15531
0001600 15532
0001601 15534
0001602 15535
0001603 15537
0001604 15538
0001605 15540
0001606 15541
0001607 601001
0001608 814001
0001609 810001
0001610 901001
0001611 902001
0001612 620001
0001613 802001
0001614 621001
0001615 881001
0001616 630001
0001617 801001
0001618 803001
0001619 804001
0001620 830001
0001621 823001
0001622 822001
0001623 821001
0001624 611001
0001625 612001
0001626 600001
0001627 610001
0001628 613001
0001629 622001
0001630 640001
0001631 641001
0001632 650001
0001633 651001
0001634 651002
0001635 653001
0001636 660001
0001637 661001
0001638 662001
0001639 670001
0001640 671001
0001641 730002
0001642 730001
0001643 730003
0001644 730004
0001645 740001
0001646 745001
0001647 750001
0001648 751001
0001649 760001
0001650 761001
0001651 762001
0001652 766001
0001653 767001
0001654 768001
0001655 770001
0001656 771001
0001657 772001
0001658 773001
0001659 774001
0001660 781001
0001661 782001
0001662 782002
0001663 783001
0001664 784001
0001665 785001
0001666 795001
0001667 796001
0001668 800001
0001669 811001
0001670 812001
0001671 813001
0001672 817001
0001673 820001
0001674 835001
0001675 840001
0001676 841001
0001677 850001
0001678 860001
0001679 861001
0001680 862001
0001681 863001
0001682 864001
0001683 870001
0001684 875001
0001685 880001
0001686 882001
0001687 883001
0001688 891001
0001689 900001
0001690 900002
0001691 900003
0001692 904002
0001693 904003
0001694 904004
0001695 904001
0001696 940001
0001697 940005
0001698 940003
0001699 940002
0001700 940004
0001701 971001
0001702 972003
0001703 972004
0001704 972005
0001705 973002
0001706 973001
0001707 884001
0001708 978001
0001709 979001
0001710 980001
0001711 871001
0001712 4600
0001713 5320
0001714 6040
0001715 8201
0001716 8921
0001717 3160
0001718 4240
0001719 4960
0001720 5680
0001721 6400
0001722 7660
0001723 7840
0001724 2440
0001725 2800
0001726 3880
0001727 6760
0001728 7480
0001729 3520
0001730 3700
0001731 6940
0001732 7120
0001733 7300
0001734 4505
0001735 5225
0001736 5945
0001737 8105
0001738 2705
0001739 2885
0001740 3065
0001741 3965
0001742 4145
0001743 4865
0001744 5585
0001745 6305
0001746 2345
0001747 2525
0001748 3785
0001749 6665
0001750 7385
0001751 3245
0001752 3425
0001753 3605
0001754 6845
0001755 7205
0001756 7565
0001757 4564
0001758 5284
0001759 6724
0001760 8164
0001761 8884
0001762 3124
0001763 4204
0001764 4924
0001765 5644
0001766 6364
0001767 8524
0001768 9604
0001769 3844
0001770 7444
0001771 3484
0001772 7084
0001773 4835
0001774 6275
0001775 8435
0001776 9155
0001777 5195
0001778 5915
0001779 6635
0001780 8075
0001781 2675
0001782 4115
0001783 6995
0001784 7355
0001785 3395
0001786 3755
0001787 7636
0001788 3676
0001789 6916
0001790 7276
0001791 8716
0001792 4756
0001793 5476
0001794 6196
0001795 8356
0001796 9076
0001797 4396
0001798 5116
0001799 5836
0001800 6556
0001801 7996
0001802 4271
0001803 4991
0001804 5711
0001805 6431
0001806 7871
0001807 8591
0001808 2831
0001809 3191
0001810 4631
0001811 5351
0001812 6071
0001813 3551
0001814 7151
0001815 3911
0001816 6791
0001817 7511
0001818 8231
0001819 5194
0001820 5914
0001821 6634
0001822 8074
0001823 8794
0001824 4834
0001825 6274
0001826 8434
0001827 9154
0001828 3754
0001829 7354
0001830 3394
0001831 4114
0001832 6994
0001833 4949
0001834 5669
0001835 6389
0001836 7829
0001837 8549
0001838 3149
0001839 4589
0001840 5309
0001841 6029
0001842 8189
0001843 8909
0001844 9269
0001845 3509
0001846 4229
0001847 7109
0001848 3869
0001849 6749
0001850 7469
0001851 5164
0001852 5884
0001853 8044
0001854 8764
0001855 9124
0001856 3364
0001857 4804
0001858 6244
0001859 7684
0001860 8404
0001861 3724
0001862 7324
0001863 4084
0001864 6964
0001865 4649
0001866 5369
0001867 6089
0001868 8249
0001869 8969
0001870 2849
0001871 3209
0001872 5729
0001873 6449
0001874 7889
0001875 8609
0001876 3929
0001877 6809
0001878 7529
0001879 3569
0001880 4289
0001881 7169
0001882 3970
0001883 4690
0001884 6130
0001885 8290
0001886 2890
0001887 3250
0001888 4330
0001889 5770
0001890 6490
0001891 7930
0001892 8650
0001893 9370
0001894 2530
0001895 6850
0001896 7570
0001897 5410
0001898 3610
0001899 7210
0001900 3821
0001901 4541
0001902 5261
0001903 5981
0001904 8141
0001905 8861
0001906 2741
0001907 3461
0001908 4181
0001909 4901
0001910 6341
0001911 7781
0001912 8501
0001913 9221
0001914 2381
0001915 7421
0001916 3101
0001917 2950
0001918 5200
0001919 6910
0001920 3490
0001921 3670
0001922 5801
0001923 7961
0001924 6881
0001925 7241
0001926 7601
0001927 8200
0001928 8560
0001929 9280
0001930 9311
0001931 3371
0001932 3731
0001933 4091
0001934 8920
0001935 4601
0001936 5321
0001937 6041
0001938 2801
0001939 4961
0001940 5681
0001941 6401
0001942 8561
0001943 9281
0001944 3881
0001945 6761
0001946 7481
0001947 3161
0001948 3521
0001949 4241
0001950 7121
0001951 7841
0001952 3701
0001953 3070
0001954 4510
0001955 4870
0001956 5230
0001957 5590
0001958 5950
0001959 6310
0001960 6670
0001961 8470
0001962 9190
0001963 9550
0001964 3430
0001965 3790
0001966 4150
0001967 7390
0001968 8110
0001969 2980
0001970 4780
0001971 5860
0001972 9100
0001973 5140
0001974 5500
0001975 6220
0001976 6580
0001977 8380
0001978 8740
0001979 3221
0001980 4301
0001981 5381
0001982 6461
0001983 8621
0001984 3581
0001985 3941
0001986 4661
0001987 5741
0001988 6101
0001989 7901
0001990 8261
0001991 8981
0001992 9341
0001993 7181
0001994 7361
0001995 7451
0001996 7541
0001997 6821
0001998 7091
0001999 7271
0002000 3730
0002001 3910
0002002 4090
0002003 4630
0002004 4810
0002005 5170
0002006 5350
0002007 5890
0002008 6070
0002009 6250
0002010 6970
0002011 7690
0002012 7870
0002013 8050
0002014 8590
0002015 8770
0002016 9310
0002017 8230
0002018 8950
0002019 3370
0002020 4270
0002021 4990
0002022 5710
0002023 6430
0002024 7240
0002025 7600
0002026 3190
0002027 3550
0002028 7330
0002029 7420
0002030 8410
0002031 6790
0002032 7150
0002033 7510
0002034 2651
0002035 5171
0002036 6251
0002037 7331
0002038 8051
0002039 8411
0002040 3281
0002041 3641
0002042 4811
0002043 5891
0002044 6971
0002045 7691
0002046 3611
0002047 4691
0002048 5771
0002049 8651
0002050 9371
0002051 3251
0002052 3971
0002053 4331
0002054 5411
0002055 6131
0002056 6491
0002057 7931
0002058 8291
0002059 6941
0002060 6851
0002061 7211
0002062 7301
0002063 7391
0002064 7571
0002065 3100
0002066 3460
0002067 4540
0002068 4900
0002069 5260
0002070 5620
0002071 5980
0002072 6340
0002073 6700
0002074 7780
0002075 8140
0002076 8500
0002077 8860
0002078 9220
0002079 3820
0002080 4180
0002081 2921
0002082 4361
0002083 4721
0002084 5081
0002085 5441
0002086 6161
0002087 6521
0002088 8321
0002089 8681
0002090 9041
0002091 4618
0002092 5338
0002093 6058
0002094 8218
0002095 8938
0002096 2818
0002097 3178
0002098 3358
0002099 4978
0002100 5698
0002101 6418
0002102 7678
0002103 7858
0002104 3898
0002105 6778
0002106 7498
0002107 3538
0002108 3718
0002109 4078
0002110 4258
0002111 6958
0002112 7138
0002113 7318
0002114 9401
0002115 8578
0002116 9298
0002117 4625
0002118 5345
0002119 6065
0002120 8225
0002121 8945
0002122 2825
0002123 3185
0002124 4985
0002125 5705
0002126 6425
0002127 7865
0002128 3905
0002129 6785
0002130 7505
0002131 3545
0002132 4265
0002133 7145
0002134 6550
0002135 4847
0002136 6287
0002137 8447
0002138 9167
0002139 4487
0002140 5207
0002141 5927
0002142 6647
0002143 8087
0002144 2687
0002145 4127
0002146 3407
0002147 3767
0002148 7367
0002149 3587
0002150 4762
0002151 5482
0002152 6202
0002153 7642
0002154 8362
0002155 9082
0002156 2962
0002157 5122
0002158 5842
0002159 6562
0002160 6922
0002161 3682
0002162 7282
0002163 4943
0002164 5663
0002165 6383
0002166 8543
0002167 2783
0002168 4583
0002169 5303
0002170 6023
0002171 9263
0002172 3503
0002173 4223
0002174 7103
0002175 3143
0002176 3863
0002177 6743
0002178 7463
0002179 4624
0002180 5344
0002181 6064
0002182 8224
0002183 2824
0002184 3184
0002185 7864
0002186 8944
0002187 3904
0002188 6784
0002189 7504
0002190 3544
0002191 4264
0002192 7144
0002193 4963
0002194 4965
0002195 4750
0002196 5470
0002197 6190
0002198 8350
0002199 9070
0002200 4390
0002201 5110
0002202 5830
0002203 7990
0002204 8710
0002205 9430
0002206 7810
0002207 7630
0002208 7270
0002209 7090
0002210 7450
0002211 5788
0002212 6508
0002213 7948
0002214 8668
0002215 9388
0002216 3268
0002217 4708
0002218 5428
0002219 6148
0002220 8308
0002221 4528
0002222 8128
0002223 3628
0002224 4348
0002225 7228
0002226 3988
0002227 6868
0002228 7588
0002229 3808
0002230 4168
0002231 7408
0002232 3389
0002233 4829
0002234 6269
0002235 8429
0002236 9149
0002237 2669
0002238 5189
0002239 5909
0002240 6629
0002241 8069
0002242 8789
0002243 4109
0002244 6989
0002245 3749
0002246 7349
0002247 6808
0002248 7168
0002249 7528
0002250 6544
0002251 4805
0002252 6245
0002253 8405
0002254 9125
0002255 5165
0002256 5885
0002257 8045
0002258 2645
0002259 4085
0002260 6965
0002261 7685
0002262 3365
0002263 3725
0002264 7325
0002265 3130
0002266 3850
0002267 4210
0002268 4570
0002269 6730
0002270 2770
0002271 4577
0002272 5297
0002273 6737
0002274 8177
0002275 8897
0002276 2597
0002277 2777
0002278 2957
0002279 3137
0002280 4217
0002281 4937
0002282 5657
0002283 6377
0002284 6917
0002285 7637
0002286 7817
0002287 7997
0002288 8537
0002289 2417
0002290 3857
0002291 7457
0002292 3497
0002293 3677
0002294 7097
0002295 7277
0002296 3976
0002297 4696
0002298 5416
0002299 6136
0002300 7576
0002301 7936
0002302 8656
0002303 2896
0002304 3076
0002305 3796
0002306 4156
0002307 4336
0002308 5776
0002309 6496
0002310 7396
0002311 8116
0002312 8296
0002313 9376
0002314 6856
0002315 3256
0002316 3436
0002317 3616
0002318 7216
0002319 6676
0002320 4481
0002321 5201
0002322 5921
0002323 6641
0002324 8081
0002325 2501
0002326 2681
0002327 2861
0002328 4121
0002329 4841
0002330 6281
0002331 8441
0002332 3761
0002333 2764
0002334 8765
0002335 2620
0002336 3431
0002337 2711
0002338 3071
0002339 3791
0002340 4151
0002341 4511
0002342 4871
0002343 5231
0002344 5591
0002345 5951
0002346 6311
0002347 8471
0002348 9191
0002349 6671
0002350 2981
0002351 4781
0002352 5141
0002353 5861
0002354 6221
0002355 6581
0002356 7661
0002357 3406
0002358 4846
0002359 6286
0002360 8446
0002361 9166
0002362 3226
0002363 4486
0002364 4666
0002365 5206
0002366 5386
0002367 5746
0002368 5926
0002369 6106
0002370 6466
0002371 6646
0002372 7906
0002373 8086
0002374 9526
0002375 4126
0002376 3586
0002377 3766
0002378 3946
0002379 4306
0002380 6826
0002381 7186
0002382 7366
0002383 7546
0002384 8111
0002385 2891
0002386 9551
0002387 4864
0002388 5584
0002389 6304
0002390 2704
0002391 3064
0002392 5224
0002393 5944
0002394 6664
0002395 8104
0002396 8464
0002397 9184
0002398 2344
0002399 4144
0002400 3424
0002401 3784
0002402 7384
0002403 4547
0002404 5267
0002405 5987
0002406 8147
0002407 8867
0002408 2747
0002409 3107
0002410 4907
0002411 5627
0002412 8507
0002413 9227
0002414 2387
0002415 3827
0002416 7427
0002417 3467
0002418 4187
0002419 7787
0002420 2590
0002421 4751
0002422 5471
0002423 6191
0002424 7631
0002425 8351
0002426 9071
0002427 2591
0002428 2951
0002429 4391
0002430 5111
0002431 5831
0002432 6551
0002433 7991
0002434 8711
0002435 6911
0002436 3671
0002437 2710
0002438 8183
0002439 8903
0002440 2963
0002441 4763
0002442 5123
0002443 5483
0002444 5843
0002445 6203
0002446 7643
0002447 8363
0002448 8723
0002449 9083
0002450 6563
0002451 3683
0002452 6923
0002453 7283
0002454 4828
0002455 5188
0002456 5908
0002457 6268
0002458 6628
0002459 8068
0002460 8428
0002461 8788
0002462 9148
0002463 2848
0002464 3208
0002465 4288
0002466 4648
0002467 5368
0002468 5728
0002469 6088
0002470 6448
0002471 7888
0002472 8248
0002473 8608
0002474 8968
0002475 9328
0002476 3748
0002477 4108
0002478 6988
0002479 7348
0002480 3388
0002481 3568
0002482 3928
0002483 9161
0002484 4558
0002485 5278
0002486 5998
0002487 6718
0002488 8158
0002489 8878
0002490 3118
0002491 4918
0002492 5638
0002493 6358
0002494 7798
0002495 8518
0002496 9598
0002497 3838
0002498 7438
0002499 3478
0002500 4198
0002501 7078
0002502 5177
0002503 5897
0002504 8057
0002505 8777
0002506 3377
0002507 4817
0002508 6257
0002509 7697
0002510 8417
0002511 3737
0002512 7337
0002513 4097
0002514 6977
0002515 5243
0002516 5963
0002517 6683
0002518 8123
0002519 2723
0002520 4163
0002521 4883
0002522 6323
0002523 8843
0002524 3803
0002525 7403
0002526 3083
0002527 3443
0002528 4571
0002529 5291
0002530 6731
0002531 7811
0002532 8891
0002533 2771
0002534 4211
0002535 4931
0002536 5651
0002537 6371
0002538 8171
0002539 3851
0002540 3131
0002541 3491
0002542 9436
0002543 4235
0002544 4955
0002545 5675
0002546 6395
0002547 7835
0002548 8555
0002549 2795
0002550 3155
0002551 4595
0002552 5315
0002553 6035
0002554 6755
0002555 8195
0002556 8915
0002557 3515
0002558 7115
0002559 3875
0002560 7475
0002561 8951
0002562 5920
0002563 8440
0002564 2680
0002565 4840
0002566 6280
0002567 9160
0002568 3760
0002569 6640
0002570 7360
0002571 5153
0002572 5873
0002573 6593
0002574 8753
0002575 2993
0002576 3353
0002577 4793
0002578 6233
0002579 9473
0002580 3713
0002581 7313
0002582 6953
0002583 7673
0002584 3400
0002585 8080
0002586 8800
0002587 9520
0002588 7900
0002589 4120
0002590 7000
0002591 3580
0002592 3940
0002593 4300
0002594 7180
0002595 7540
0002596 4000
0002597 4720
0002598 5440
0002599 6160
0002600 8320
0002601 9040
0002602 2920
0002603 3280
0002604 3640
0002605 4360
0002606 5080
0002607 5800
0002608 6520
0002609 7960
0002610 8680
0002611 9400
0002612 6880
0002613 9431
0002614 4552
0002615 5272
0002616 5992
0002617 6712
0002618 8152
0002619 8872
0002620 3112
0002621 9592
0002622 4192
0002623 7792
0002624 3832
0002625 7432
0002626 3472
0002627 4559
0002628 5279
0002629 5999
0002630 6719
0002631 8159
0002632 3119
0002633 8879
0002634 9599
0002635 7799
0002636 3839
0002637 7439
0002638 3479
0002639 4199
0002640 7079
0002641 4102
0002642 4822
0002643 5182
0002644 5902
0002645 6262
0002646 8062
0002647 8422
0002648 8782
0002649 9142
0002650 2842
0002651 3202
0002652 4282
0002653 4642
0002654 5362
0002655 5722
0002656 6082
0002657 6442
0002658 7522
0002659 7882
0002660 9502
0002661 3742
0002662 6622
0002663 6982
0002664 7342
0002665 3382
0002666 3562
0002667 3922
0002668 6802
0002669 7162
0002670 9443
0002671 9580
0002672 6557
0002673 9490
0002674 6820
0002675 4908
0002676 6188
0002677 7828
0002678 8548
0002679 2788
0002680 3148
0002681 4588
0002682 5228
0002683 5868
0002684 8188
0002685 8908
0002686 9268
0002687 3508
0002688 4228
0002689 7108
0002690 3868
0002691 6748
0002692 7468
0002693 3688
0002694 4876
0002695 5596
0002696 6316
0002697 8476
0002698 9196
0002699 4516
0002700 5236
0002701 5956
0002702 9556
0002703 2789
0002704 3689
0002705 8741
0002706 9461
0002707 2621
0002708 2830
0002709 4709
0002710 5429
0002711 6149
0002712 2909
0002713 3269
0002714 5789
0002715 6509
0002716 7949
0002717 3089
0002718 3359
0002719 3449
0002720 4529
0002721 4889
0002722 5249
0002723 5609
0002724 5969
0002725 6329
0002726 6689
0002727 7859
0002728 3989
0002729 6869
0002730 7589
0002731 3629
0002732 4349
0002733 7229
0002734 3539
0002735 3719
0002736 3809
0002737 3899
0002738 4079
0002739 4169
0002740 4259
0002741 6959
0002742 7139
0002743 7319
0002744 7409
0002745 7499
0002746 7679
0002747 2758
0002748 9238
0002749 3298
0002750 3658
0002751 6898
0002752 7258
0002753 7618
0002754 8531
0002755 9251
0002756 5740
0002757 6460
0002758 4930
0002759 5650
0002760 6370
0002761 8530
0002762 5290
0002763 8170
0002764 8890
0002765 9250
0002766 6659
0002767 6479
0002768 6839
0002769 7199
0002770 2944
0002771 4384
0002772 4744
0002773 5104
0002774 5464
0002775 5824
0002776 6184
0002777 7984
0002778 8344
0002779 9064
0002780 3802
0002781 4162
0002782 4882
0002783 5242
0002784 5962
0002785 6322
0002786 6682
0002787 7402
0002788 8122
0002789 8482
0002790 8842
0002791 2879
0002792 4319
0002793 4679
0002794 5399
0002795 5759
0002796 6119
0002797 7919
0002798 8639
0002799 9359
0002800 4799
0002801 5159
0002802 5879
0002803 6239
0002804 6599
0002805 8399
0002806 8759
0002807 3215
0002808 3575
0002809 3935
0002810 6815
0002811 7175
0002812 7535
0002813 4378
0002814 5098
0002815 5818
0002816 6538
0002817 7978
0002818 2938
0002819 2578
0002820 4738
0002821 5458
0002822 6178
0002823 3959
0002824 7559
0002825 8279
0002826 3239
0002827 3599
0002828 3982
0002829 4702
0002830 5422
0002831 6142
0002832 6862
0002833 7582
0002834 8302
0002835 2902
0002836 3262
0002837 3622
0002838 4342
0002839 5782
0002840 6502
0002841 7222
0002842 7942
0002843 8662
0002844 4397
0002845 5117
0002846 5837
0002847 8717
0002848 4757
0002849 5477
0002850 6197
0002851 8357
0002852 9077
0002853 9437
0002854 4798
0002855 6238
0002856 8398
0002857 2998
0002858 5158
0002859 5878
0002860 6598
0002861 8758
0002862 4619
0002863 5339
0002864 6059
0002865 8219
0002866 2819
0002867 3179
0002868 4979
0002869 5699
0002870 6419
0002871 8579
0002872 6779
0002873 8771
0002874 9491
0002875 2740
0002876 2884
0002877 3244
0002878 3604
0002879 3964
0002880 4324
0002881 4684
0002882 5404
0002883 5764
0002884 6124
0002885 6484
0002886 7924
0002887 8644
0002888 9364
0002889 6844
0002890 7204
0002891 7564
0002892 6846
0002893 6848
0002894 6991
0002895 6993
0002896 9460
0002897 2860
0002898 4660
0002899 5380
0002900 6100
0002901 3220
0002902 4277
0002903 4997
0002904 5717
0002905 6437
0002906 7157
0002907 7877
0002908 8597
0002909 2477
0002910 2837
0002911 3197
0002912 4637
0002913 5357
0002914 6077
0002915 6797
0002916 7517
0002917 9317
0002918 3557
0002919 3917
0002920 8260
0002921 8980
0002922 9340
0002923 2500
0002924 8620
0002925 9329
0002926 2488
0002927 4343
0002928 4703
0002929 5423
0002930 5783
0002931 6143
0002932 6503
0002933 7583
0002934 7943
0002935 8303
0002936 8663
0002937 2903
0002938 3263
0002939 2543
0002940 3983
0002941 6863
0002942 7223
0002943 5248
0002944 5968
0002945 6688
0002946 8848
0002947 3088
0002948 3448
0002949 4888
0002950 5608
0002951 6328
0002952 9568
0002953 2908
0002954 7648
0002955 6928
0002956 7288
0002957 4733
0002958 5453
0002959 6173
0002960 7613
0002961 8333
0002962 9053
0002963 2933
0002964 3293
0002965 4373
0002966 5093
0002967 5813
0002968 6533
0002969 7973
0002970 3113
0002971 3413
0002972 4553
0002973 4913
0002974 5273
0002975 5633
0002976 5993
0002977 6353
0002978 6713
0002979 7853
0002980 6893
0002981 3653
0002982 7253
0002983 3533
0002984 3773
0002985 3893
0002986 4133
0002987 4253
0002988 7133
0002989 7373
0002990 7493
0002991 8381
0002992 9101
0002993 4492
0002994 5212
0002995 5932
0002996 8092
0002997 4132
0002998 4852
0002999 6292
0003000 8452
0003001 9532
0003002 3772
0003003 6652
0003004 7372
0003005 3412
0003006 4912
0003007 5632
0003008 6352
0003009 8512
0003010 4685
0003011 5405
0003012 5765
0003013 6125
0003014 6485
0003015 7925
0003016 8285
0003017 8645
0003018 9365
0003019 4325
0003020 3695
0003021 6935
0003022 7295
0003023 7655
0003024 2650
0003025 9130
0003026 2579
0003027 5459
0003028 3299
0003029 8488
0003030 9208
0003031 4823
0003032 6263
0003033 8423
0003034 9143
0003035 3383
0003036 5183
0003037 5903
0003038 6623
0003039 8063
0003040 8783
0003041 9503
0003042 3203
0003043 4103
0003044 6983
0003045 3743
0003046 7343
0003047 3563
0003048 3923
0003049 6803
0003050 7163
0003051 7523
0003052 2693
0003053 2854
0003054 3214
0003055 4654
0003056 5374
0003057 5734
0003058 6094
0003059 6454
0003060 7894
0003061 3574
0003062 3934
0003063 4294
0003064 6814
0003065 7174
0003066 7534
0003067 9131
0003068 2674
0003069 8237
0003070 8957
0003071 9137
0003072 9232
0003073 2392
0003074 2752
0003075 4667
0003076 5387
0003077 6107
0003078 8267
0003079 8987
0003080 2867
0003081 4307
0003082 5747
0003083 6467
0003084 7907
0003085 2507
0003086 3947
0003087 6827
0003088 7547
0003089 3227
0003090 7187
0003091 6083
0003092 3778
0003093 4498
0003094 5218
0003095 5938
0003096 6658
0003097 7378
0003098 8098
0003099 2698
0003100 3058
0003101 3418
0003102 4138
0003103 4858
0003104 5578
0003105 6298
0003106 8458
0003107 8129
0003108 2729
0003109 8849
0003110 2536
0003111 4732
0003112 5092
0003113 5452
0003114 5812
0003115 6172
0003116 6532
0003117 7972
0003118 8332
0003119 8692
0003120 9052
0003121 2932
0003122 3292
0003123 9412
0003124 2572
0003125 3652
0003126 4372
0003127 6892
0003128 7252
0003129 7612
0003130 2476
0003131 5356
0003132 8236
0003133 8669
0003134 8309
0003135 2584
0003136 9118
0003137 9478
0003138 9484
0003139 4973
0003140 5693
0003141 6413
0003142 2813
0003143 3173
0003144 4613
0003145 5333
0003146 6053
0003147 8213
0003148 6773
0003149 8962
0003150 2554
0003151 5434
0003152 8314
0003153 5152
0003154 5872
0003155 8752
0003156 2632
0003157 2992
0003158 4792
0003159 6232
0003160 7672
0003161 8392
0003162 9112
0003163 3712
0003164 6592
0003165 7312
0003166 3352
0003167 6952
0003168 9521
0003169 9544
0003170 6347
0003171 3287
0003172 3647
0003173 6887
0003174 7247
0003175 7607
0003176 7359
0003177 6793
0003178 6795
0003179 7102
0003180 7462
0003181 4490
0003182 3196
0003183 3523
0003184 8963
0003185 9214
0003186 4895
0003187 5615
0003188 6335
0003189 8495
0003190 3095
0003191 4535
0003192 5255
0003193 5975
0003194 6695
0003195 9215
0003196 3455
0003197 4175
0003198 3815
0003199 7415
0003200 4919
0003201 5639
0003202 6359
0003203 8519
0003204 9239
0003205 2939
0003206 7619
0003207 7979
0003208 3659
0003209 4379
0003210 6899
0003211 7259
0003212 8338
0003213 8698
0003214 9058
0003215 9418
0003216 3833
0003217 4193
0003218 7433
0003219 7816
0003220 6736
0003221 7096
0003222 7456
0003223 8939
0003224 7967
0003225 4367
0003226 2548
0003227 2987
0003228 4787
0003229 5147
0003230 5867
0003231 6227
0003232 6587
0003233 7667
0003234 3707
0003235 6947
0003236 7307
0003237 2956
0003238 3136
0003239 4576
0003240 4936
0003241 5296
0003242 5656
0003243 6376
0003244 8176
0003245 8896
0003246 9616
0003247 3496
0003248 3856
0003249 4216
0003250 2717
0003251 3077
0003252 2719
0003253 2897
0003254 3437
0003255 4157
0003256 7397
0003257 3257
0003258 3617
0003259 3797
0003260 3977
0003261 8704
0003262 9424
0003263 6904
0003264 7624
0003265 3664
0003266 7264
0003267 4493
0003268 5213
0003269 5933
0003270 6653
0003271 8093
0003272 3053
0003273 4853
0003274 6293
0003275 8453
0003276 9173
0003277 3593
0003278 3953
0003279 4313
0003280 6833
0003281 7193
0003282 7553
0003283 6766
0003284 6946
0003285 7126
0003286 7306
0003287 7486
0003288 8627
0003289 9347
0003290 8722
0003291 9442
0003292 3502
0003293 6742
0003294 3862
0003295 4222
0003296 4745
0003297 5465
0003298 6185
0003299 8345
0003300 9065
0003301 2945
0003302 4385
0003303 5105
0003304 5825
0003305 6545
0003306 7985
0003307 7805
0003308 6905
0003309 7625
0003310 7243
0003311 8602
0003312 8242
0003313 9322
0003314 8573
0003315 8933
0003316 8465
0003317 9185
0003318 4739
0003319 6179
0003320 8339
0003321 9059
0003322 5099
0003323 5819
0003324 6539
0003325 8699
0003326 9419
0003327 2692
0003328 8779
0003329 2614
0003330 5494
0003331 8374
0003332 8693
0003333 9413
0003334 4678
0003335 5398
0003336 6118
0003337 8278
0003338 8998
0003339 3238
0003340 4318
0003341 7918
0003342 3958
0003343 6838
0003344 7558
0003345 3598
0003346 7198
0003347 8536
0003348 9256
0003349 4534
0003350 5254
0003351 5974
0003352 6694
0003353 8134
0003354 8854
0003355 3094
0003356 4894
0003357 5614
0003358 6334
0003359 8494
0003360 9574
0003361 3814
0003362 7414
0003363 3454
0003364 4174
0003365 4636
0003366 8956
0003367 4276
0003368 6076
0003369 6436
0003370 7876
0003371 3916
0003372 6796
0003373 7516
0003374 3556
0003375 7156
0003376 9389
0003377 2644
0003378 3706
0003379 6394
0003380 7114
0003381 3612
0003382 6253
0003383 6073
0003384 3526
0003385 6515
0003386 3634
0003387 6283
0003388 6313
0003389 6072
0003390 3442
0003391 3635
0003392 6823
0003393 5233
0003394 6133
0003395 6192
0003396 3463
0003397 3473
0003398 3535
0003399 3571
0003400 3573
0003401 3553
0003402 3514
0003403 5293
0003404 3419
0003405 3485
0003406 3465
0003407 6052
0003408 3615
0003409 3623
0003410 6223
0003411 3665
0003412 6103
0003413 6763
0003414 5662
0003415 5308
0003416 6294
0003417 6388
0003418 5322
0003419 3780
0003420 6299
0003421 6256
0003422 6113
0003423 6443
0003424 5687
0003425 6762
0003426 6583
0003427 6373
0003428 6478
0003429 5285
0003430 3376
0003431 5743
0003432 5742
0003433 3646
0003434 5473
0003435 6643
0003436 6645
0003437 5475
0003438 3532
0003439 6215
0003440 6312
0003441 3643
0003442 3736
0003443 5371
0003444 3606
0003445 6853
0003446 6852
0003447 5370
0003448 5758
0003449 8638
0003450 2878
0003451 9358
0003452 2518
0003453 7379
0003454 2411
0003455 2471
0003456 2638
0003457 4920
0003458 5240
0003459 5880
0003460 6200
0003461 8391
0003462 9031
0003463 5332
0003464 10041
0003465 10043
0003466 10045
0003467 10051
0003468 10053
0003469 10059
0003470 10061
0003471 10063
0003472 10069
0003473 10071
0003474 10077
0003475 10079
0003476 10081
0003477 10189
0003478 10193
0003479 10195
0003480 10199
0003481 10203
0003482 10037
0003483 10039
0003484 10047
0003485 10049
0003486 10055
0003487 10057
0003488 10065
0003489 10067
0003490 10073
0003491 10075
0003492 10191
0003493 10197
0003494 10201
0003495 10205
0003496 10207
0003497 11001
0003498 11005
0003499 11037
0003500 11039
0003501 11045
0003502 11047
0003503 11053
0003504 11055
0003505 11061
0003506 11063
0003507 11069
0003508 11071
0003509 11143
0003510 11147
0003511 11151
0003512 11155
0003513 11157
0003514 11159
0003515 10339
0003516 10351
0003517 10357
0003518 10171
0003519 10035
0003520 10087
0003521 10089
0003522 10093
0003523 10103
0003524 10105
0003525 10107
0003526 10111
0003527 10119
0003528 10121
0003529 10123
0003530 10125
0003531 10127
0003532 10145
0003533 10147
0003534 10157
0003535 10163
0003536 10165
0003537 10167
0003538 10169
0003539 10179
0003540 10083
0003541 10085
0003542 10091
0003543 10097
0003544 10131
0003545 10133
0003546 10151
0003547 10153
0003548 10181
0003549 10183
0003550 11131
0003551 11009
0003552 11013
0003553 11021
0003554 11029
0003555 11077
0003556 11079
0003557 11095
0003558 11097
0003559 11113
0003560 11115
0003561 11133
0003562 10101
0003563 10113
0003564 10115
0003565 10129
0003566 10141
0003567 10143
0003568 10155
0003569 10185
0003570 1
0003571 25
0003572 27
0003573 29
0003574 3
0003575 31
0003576 33
0003577 35
0003578 37
0003579 19999
0003580 19997
0003581 11109
0003582 11111
0003583 11117
0003584 11119
0003585 10099
0003586 10109
0003587 10117
0003588 10341
0003589 10353
0003590 10335
0003591 10347
0003592 10359
0003593 11003
0003594 11075
0003595 11017
0003596 11019
0003597 11025
0003598 11027
0003599 11033
0003600 11035
0003601 11041
0003602 11043
0003603 11049
0003604 11051
0003605 11057
0003606 11059
0003607 11065
0003608 11067
0003609 11073
0003610 11081
0003611 11083
0003612 11085
0003613 11087
0003614 11089
0003615 11091
0003616 11093
0003617 11099
0003618 11101
0003619 11103
0003620 11105
0003621 11107
0003622 11913
0003623 11007
0003624 11011
0003625 11015
0003626 11023
0003627 11031
0003628 11917
0003629 11
0003630 13
0003631 15
0003632 17
0003633 19
0003634 21
0003635 23
0003636 5
0003637 7
0003638 9
0003639 10095
0003640 14053
0003641 14057
0003642 14061
0003643 14065
0003644 14069
0003645 14073
0003646 13045
0003647 13049
0003648 13053
0003649 13057
0003650 13061
0003651 13065
0003652 13069
0003653 13073
0003654 14051
0003655 14055
0003656 14059
0003657 14063
0003658 14067
0003659 14071
0003660 13047
0003661 13051
0003662 13055
0003663 13059
0003664 13063
0003665 13067
0003666 13071
0003667 13077
0003668 3103
0003669 3105
0003670 3774
0003671 1706
0003672 17069
0003673 3703
0003674 12037
0003675 12041
0003676 12045
0003677 12049
0003678 12053
0003679 12057
0003680 12061
0003681 12065
0003682 12069
0003683 12073
0003684 12077
0003685 12079
0003686 13075
0003687 13079
0003688 13081
0003689 12035
0003690 12039
0003691 12043
0003692 12047
0003693 12051
0003694 12055
0003695 12059
0003696 12063
0003697 12067
0003698 12071
0003699 12075
0003700 15055
0003701 15063
0003702 15071
0003703 15079
0003704 15087
0003705 15095
0003706 15103
0003707 15111
0003708 15119
0003709 15127
0003710 15135
0003711 15143
0003712 15151
0003713 15059
0003714 15067
0003715 15083
0003716 15091
0003717 15107
0003718 15115
0003719 15131
0003720 15139
0003721 15147
0003722 15075
0003723 15099
0003724 15123
0003725 31031
0003726 31033
0003727 37011
0003728 37031
0003729 16079
0003730 16007
0003731 16011
0003732 16013
0003733 16015
0003734 16019
0003735 16023
0003736 16027
0003737 16031
0003738 16035
0003739 16039
0003740 16043
0003741 16047
0003742 16051
0003743 16055
0003744 16059
0003745 16063
0003746 16067
0003747 16071
0003748 16075
0003749 16021
0003750 16001
0003751 16003
0003752 16005
0003753 16009
0003754 16017
0003755 16025
0003756 16029
0003757 16033
0003758 16037
0003759 16041
0003760 16045
0003761 16049
0003762 16053
0003763 16057
0003764 16061
0003765 16065
0003766 16069
0003767 16073
0003768 16077
0003769 1700
0003770 1773
0003771 37557
0003772 15053
0003773 15061
0003774 15069
0003775 15077
0003776 15085
0003777 15093
0003778 15101
0003779 15109
0003780 15117
0003781 15125
0003782 15133
0003783 15141
0003784 15149
0003785 15057
0003786 15065
0003787 15073
0003788 15089
0003789 15097
0003790 15113
0003791 15121
0003792 15137
0003793 15145
0003794 15081
0003795 15105
0003796 15129
0003797 17047
0003798 17051
0003799 17055
0003800 17059
0003801 17063
0003802 17067
0003803 17071
0003804 17075
0003805 17049
0003806 17053
0003807 17057
0003808 17061
0003809 17065
0003810 17073
0003811 17077
0003812 5329
0003813 5331
0003814 5335
0003815 5337
0003816 5341
0003817 5343
0003818 5327
0003819 5328
0003820 5330
0003821 5334
0003822 5336
0003823 5340
0003824 5342
0003825 10137
0003826 10139
0003827 10161
0003828 10175
0003829 10177
0003830 10187
0003831 10135
0003832 10149
0003833 10159
0003834 10173
0003835 13046
0003836 13050
0003837 13054
0003838 13058
0003839 13062
0003840 13066
0003841 13000
0003842 12036
0003843 12040
0003844 12044
0003845 12048
0003846 12052
0003847 12056
0003848 12060
0003849 12064
0003850 12068
0003851 12072
0003852 12076
0003853 13044
0003854 13048
0003855 13052
0003856 13056
0003857 13060
0003858 13064
0003859 13068
0003860 13070
0003861 13072
0003862 13074
0003863 13076
0003864 12034
0003865 12038
0003866 12042
0003867 12046
0003868 12050
0003869 12054
0003870 12058
0003871 12062
0003872 12066
0003873 12070
0003874 12074
0003875 12000
0003876 3548
0003877 15066
0003878 15074
0003879 15082
0003880 15090
0003881 15106
0003882 15114
0003883 15130
0003884 15138
0003885 15146
0003886 15054
0003887 15062
0003888 15070
0003889 15078
0003890 15086
0003891 15094
0003892 15102
0003893 15110
0003894 15118
0003895 15126
0003896 15134
0003897 15142
0003898 15058
0003899 15098
0003900 15122
0003901 1898
0003902 17050
0003903 17054
0003904 17058
0003905 17062
0003906 17066
0003907 17070
0003908 17074
0003909 17048
0003910 17052
0003911 17056
0003912 17060
0003913 17064
0003914 17068
0003915 17072
0003916 17076
0003917 37971
0003918 35481
0003919 5829
0003920 15000
0003921 15068
0003922 15076
0003923 15084
0003924 15092
0003925 15108
0003926 15116
0003927 15132
0003928 15140
0003929 15148
0003930 15056
0003931 15064
0003932 15072
0003933 15080
0003934 15088
0003935 15096
0003936 15104
0003937 15112
0003938 15120
0003939 15128
0003940 15136
0003941 15144
0003942 15060
0003943 15100
0003944 15124
0003945 31301
0003946 37781
0003947 16002
0003948 16004
0003949 16010
0003950 16014
0003951 16018
0003952 16024
0003953 16026
0003954 16030
0003955 16034
0003956 16038
0003957 16042
0003958 16046
0003959 16050
0003960 16054
0003961 16058
0003962 16062
0003963 16066
0003964 16070
0003965 16074
0003966 16022
0003967 16032
0003968 16000
0003969 16006
0003970 16008
0003971 16012
0003972 16016
0003973 16020
0003974 16028
0003975 16036
0003976 16040
0003977 16044
0003978 16048
0003979 16052
0003980 16056
0003981 16060
0003982 16064
0003983 16068
0003984 16072
0003985 16076
0003986 14052
0003987 14056
0003988 14060
0003989 14064
0003990 14068
0003991 14072
0003992 14000
0003993 14054
0003994 14058
0003995 14062
0003996 14066
0003997 14070
0003998 14074
0003999 3429
0004000 11006
0004001 11108
0004002 11110
0004003 11112
0004004 11114
0004005 11116
0004006 11118
0004007 11120
0004008 11000
0004009 11002
0004010 11004
0004011 11072
0004012 11014
0004013 11020
0004014 11022
0004015 11028
0004016 11032
0004017 11034
0004018 11038
0004019 11040
0004020 11042
0004021 11044
0004022 11046
0004023 11048
0004024 11050
0004025 11052
0004026 11054
0004027 11056
0004028 11058
0004029 11060
0004030 11062
0004031 11064
0004032 11066
0004033 11068
0004034 11070
0004035 11074
0004036 11076
0004037 11078
0004038 11080
0004039 11082
0004040 11084
0004041 11086
0004042 11088
0004043 11090
0004044 11092
0004045 11094
0004046 11096
0004047 11098
0004048 11100
0004049 11102
0004050 11104
0004051 11106
0004052 11008
0004053 11010
0004054 11012
0004055 11016
0004056 11018
0004057 11024
0004058 11026
0004059 11030
0004060 11036
0004061 11122
0004062 11124
0004063 10036
0004064 10040
0004065 10044
0004066 10052
0004067 10056
0004068 10062
0004069 10068
0004070 10070
0004071 10076
0004072 10084
0004073 10088
0004074 10094
0004075 10096
0004076 10102
0004077 10104
0004078 10110
0004079 10112
0004080 10118
0004081 10124
0004082 10126
0004083 10132
0004084 10134
0004085 10140
0004086 10142
0004087 10148
0004088 10150
0004089 10156
0004090 10158
0004091 10164
0004092 10166
0004093 10172
0004094 10174
0004095 10180
0004096 10184
0004097 10188
0004098 10000
0004099 10380
0004100 10186
0004101 10190
0004102 10058
0004103 10078
0004104 10090
0004105 10092
0004106 10098
0004107 10100
0004108 10106
0004109 10108
0004110 10114
0004111 10116
0004112 10120
0004113 10122
0004114 10128
0004115 10130
0004116 10136
0004117 10138
0004118 10144
0004119 10146
0004120 10152
0004121 10154
0004122 10160
0004123 10162
0004124 10168
0004125 10170
0004126 10176
0004127 10178
0004128 10182
0004129 10294
0004130 10370
0004131 10196
0004132 10198
0004133 10216
0004134 10218
0004135 10236
0004136 10238
0004137 10254
0004138 10256
0004139 10274
0004140 10276
0004141 10296
0004142 10312
0004143 10314
0004144 10328
0004145 10330
0004146 10344
0004147 10346
0004148 10358
0004149 11188
0004150 10046
0004151 10060
0004152 10072
0004153 10082
0004154 5306
0004155 5310
0004156 5312
0004157 5314
0004158 5316
0004159 5318
0004160 53041
0004161 5305
0004162 5307
0004163 5311
0004164 5313
0004165 5317
0004166 5319
0004167 10038
0004168 10048
0004169 10050
0004170 10066
0004171 10074
0004172 10042
0004173 10054
0004174 10064
0004175 10080
0004176 10086
0004177 10
0004178 12
0004179 14
0004180 16
0004181 18
0004182 2
0004183 20
0004184 22
0004185 24
0004186 26
0004187 28
0004188 30
0004189 32
0004190 4
0004191 6
0004192 8
0004193 11330
0004194 10356
0004195 10368
0004196 10382
0004197 10362
0004198 10374
0004199 19998
0004200 12078
0004201 14820
0004202 14821
0004203 14822
0004204 14823
0004205 48015
0004206 48001
0004207 48003
0004208 48005
0004209 48007
0004210 48009
0004211 48011
0004212 48013
0004213 48017
0004214 48019
0004215 48021
0004216 48023
0004217 48025
0004218 48027
0004219 48029
0004220 56331
0004221 56351
0004222 56371
0004223 56391
0004224 56411
0004225 56431
0004226 56451
0004227 56471
0004228 56491
0004229 56511
0004230 56531
0004231 56551
0004232 56571
0004233 56591
0004234 56611
0004235 56631
0004236 31001
0004237 35633
0004238 35631
0004239 35635
0004240 35637
0004241 35639
0004242 35641
0004243 35643
0004244 35645
0004245 35647
0004246 35649
0004247 35651
0004248 35653
0004249 35655
0004250 35657
0004251 35659
0004252 35107
0004253 35113
0004254 35119
0004255 35125
0004256 35131
0004257 35137
0004258 35143
0004259 35149
0004260 35155
0004261 35161
0004262 35167
0004263 35173
0004264 35179
0004265 35185
0004266 35103
0004267 35109
0004268 35115
0004269 35117
0004270 35121
0004271 35123
0004272 35127
0004273 35129
0004274 35133
0004275 35135
0004276 35139
0004277 35141
0004278 35145
0004279 35147
0004280 35151
0004281 35153
0004282 35157
0004283 35159
0004284 35163
0004285 35165
0004286 35169
0004287 35171
0004288 35175
0004289 35177
0004290 35181
0004291 35183
0004292 35187
0004293 35191
0004294 35195
0004295 35197
0004296 33009
0004297 33011
0004298 33017
0004299 33007
0004300 33013
0004301 33015
0004302 33019
0004303 33021
0004304 33023
0004305 33025
0004306 33031
0004307 33033
0004308 33035
0004309 33037
0004310 33039
0004311 33041
0004312 33027
0004313 33029
0004314 35661
0004315 35663
0004316 35665
0004317 48031
0004318 48033
0004319 48035
0004320 48037
0004321 56651
0004322 56671
0004323 34820
0004324 34821
0004325 34822
0004326 34823
0004327 5139
0004328 14869
0004329 14870
0004330 14871
0004331 14872
0004332 14873
0004333 15656
0004334 35608
0004335 35612
0004336 35614
0004337 35616
0004338 35618
0004339 35620
0004340 35622
0004341 35624
0004342 35626
0004343 35628
0004344 35630
0004345 35632
0004346 35634
0004347 35636
0004348 35638
0004349 34814
0004350 34802
0004351 34804
0004352 34806
0004353 34808
0004354 34812
0004355 34816
0004356 34818
0004357 34824
0004358 34826
0004359 34828
0004360 34830
0004361 34832
0004362 34834
0004363 34836
0004364 34838
0004365 35602
0004366 51092
0004367 51096
0004368 33016
0004369 33020
0004370 33032
0004371 33002
0004372 33004
0004373 33008
0004374 33012
0004375 33024
0004376 33036
0004377 33040
0004378 33044
0004379 33048
0004380 33052
0004381 33056
0004382 33060
0004383 33062
0004384 33064
0004385 33066
0004386 33068
0004387 35114
0004388 35100
0004389 35102
0004390 35104
0004391 35106
0004392 35108
0004393 35110
0004394 35112
0004395 35116
0004396 35118
0004397 35120
0004398 51004
0004399 35128
0004400 35130
0004401 35132
0004402 35604
0004403 35610
0004404 56616
0004405 56618
0004406 56620
0004407 56622
0004408 56624
0004409 56626
0004410 56628
0004411 56630
0004412 56632
0004413 56634
0004414 56636
0004415 56638
0004416 56640
0004417 56642
0004418 51006
0004419 51010
0004420 51016
0004421 51022
0004422 51028
0004423 51034
0004424 51036
0004425 51040
0004426 51042
0004427 51046
0004428 51048
0004429 51052
0004430 51054
0004431 51058
0004432 51060
0004433 51064
0004434 51066
0004435 51070
0004436 51072
0004437 51076
0004438 51082
0004439 51088
0004440 51094
0004441 51098
0004442 51102
0004443 35122
0004444 35124
0004445 34871
0004446 34872
0004447 34873
0004448 5128
0004449 5130
0004450 5132
0004451 51106
0004452 114
0004453 150
0004454 110
0004455 112
0004456 122
0004457 130
0004458 142
0004459 158
0004460 116
0004461 118
0004462 126
0004463 134
0004464 154
0004465 138
0004466 146
0004467 115
0004468 123
0004469 131
0004470 149
0004471 155
0004472 159
0004473 111
0004474 117
0004475 119
0004476 127
0004477 157
0004478 113
0004479 139
0004480 143
0004481 135
0004482 67009
0004483 67011
0004484 67019
0004485 67023
0004486 67027
0004487 67031
0004488 67037
0004489 67087
0004490 67093
0004491 67099
0004492 67107
0004493 67113
0004494 67123
0004495 67007
0004496 67013
0004497 67017
0004498 67021
0004499 67029
0004500 67033
0004501 67039
0004502 67041
0004503 67045
0004504 67047
0004505 67051
0004506 67053
0004507 67057
0004508 67059
0004509 67063
0004510 67067
0004511 67071
0004512 67075
0004513 67079
0004514 67083
0004515 67089
0004516 67095
0004517 67101
0004518 67105
0004519 67111
0004520 67117
0004521 67121
0004522 67127
0004523 67131
0004524 67133
0004525 67135
0004526 67137
0004527 67139
0004528 67141
0004529 67143
0004530 67145
0004531 67147
0004532 67149
0004533 67151
0004534 67001
0004535 67003
0004536 67005
0004537 67015
0004538 67025
0004539 67035
0004540 67043
0004541 67049
0004542 67055
0004543 67061
0004544 67065
0004545 67069
0004546 67073
0004547 67077
0004548 67081
0004549 67085
0004550 67091
0004551 67097
0004552 67103
0004553 67109
0004554 67115
0004555 67119
0004556 67125
0004557 67129
0004558 60191
0004559 60231
0004560 60249
0004561 60337
0004562 60433
0004563 69901
0004564 69902
0004565 69449
0004566 69451
0004567 69453
0004568 69457
0004569 69904
0004570 60001
0004571 60009
0004572 60049
0004573 60097
0004574 60147
0004575 60203
0004576 60215
0004577 60223
0004578 60229
0004579 60237
0004580 60243
0004581 60251
0004582 60257
0004583 60259
0004584 60265
0004585 60267
0004586 60289
0004587 60291
0004588 60313
0004589 60315
0004590 60339
0004591 60363
0004592 60365
0004593 60387
0004594 60389
0004595 60411
0004596 60413
0004597 60425
0004598 60427
0004599 60435
0004600 60439
0004601 60441
0004602 60443
0004603 60445
0004604 60447
0004605 60449
0004606 60451
0004607 60453
0004608 60455
0004609 60003
0004610 60005
0004611 60007
0004612 60015
0004613 60023
0004614 60027
0004615 60047
0004616 60065
0004617 60073
0004618 60089
0004619 60115
0004620 60121
0004621 60139
0004622 60145
0004623 60161
0004624 60163
0004625 60171
0004626 60185
0004627 60187
0004628 60189
0004629 60193
0004630 60195
0004631 60197
0004632 60199
0004633 60201
0004634 60205
0004635 60207
0004636 60209
0004637 60211
0004638 60213
0004639 60217
0004640 60219
0004641 60221
0004642 60225
0004643 60227
0004644 60233
0004645 60235
0004646 60239
0004647 60241
0004648 60245
0004649 60247
0004650 60253
0004651 60255
0004652 60261
0004653 60263
0004654 60281
0004655 60283
0004656 60305
0004657 60307
0004658 60329
0004659 60331
0004660 60355
0004661 60357
0004662 60379
0004663 60405
0004664 60421
0004665 60423
0004666 60429
0004667 60431
0004668 60403
0004669 69955
0004670 61079
0004671 61001
0004672 61003
0004673 61005
0004674 61009
0004675 61013
0004676 61017
0004677 61021
0004678 61025
0004679 61029
0004680 61033
0004681 61035
0004682 61037
0004683 61039
0004684 61041
0004685 61043
0004686 61045
0004687 61047
0004688 61049
0004689 61051
0004690 61053
0004691 61055
0004692 61057
0004693 61059
0004694 61061
0004695 61063
0004696 61065
0004697 61067
0004698 61069
0004699 61071
0004700 61073
0004701 61075
0004702 61077
0004703 61081
0004704 61007
0004705 61011
0004706 61015
0004707 61019
0004708 61023
0004709 61027
0004710 61031
0004711 60011
0004712 60017
0004713 60021
0004714 60031
0004715 60035
0004716 60041
0004717 60051
0004718 60057
0004719 60061
0004720 60067
0004721 60071
0004722 60077
0004723 60083
0004724 60093
0004725 60101
0004726 60105
0004727 60113
0004728 60117
0004729 60125
0004730 60131
0004731 60137
0004732 60143
0004733 60149
0004734 60155
0004735 60165
0004736 60167
0004737 60169
0004738 60173
0004739 60175
0004740 60177
0004741 60179
0004742 60181
0004743 60183
0004744 60025
0004745 60037
0004746 60045
0004747 60055
0004748 60075
0004749 60085
0004750 60087
0004751 60099
0004752 60109
0004753 60111
0004754 60123
0004755 60135
0004756 60159
0004757 60013
0004758 60019
0004759 60029
0004760 60033
0004761 60039
0004762 60043
0004763 60053
0004764 60059
0004765 60063
0004766 60069
0004767 60079
0004768 60091
0004769 60103
0004770 60127
0004771 60133
0004772 60151
0004773 60157
0004774 63001
0004775 63003
0004776 63005
0004777 63007
0004778 63009
0004779 64001
0004780 64003
0004781 64005
0004782 64007
0004783 67008
0004784 67012
0004785 67014
0004786 67018
0004787 67020
0004788 67024
0004789 67026
0004790 67030
0004791 67032
0004792 67036
0004793 67038
0004794 67042
0004795 67044
0004796 67048
0004797 67050
0004798 67054
0004799 67058
0004800 67062
0004801 67066
0004802 67070
0004803 67074
0004804 67078
0004805 67082
0004806 67086
0004807 67090
0004808 67094
0004809 67098
0004810 67102
0004811 67106
0004812 67112
0004813 67114
0004814 67116
0004815 67118
0004816 67120
0004817 67122
0004818 67124
0004819 67002
0004820 67004
0004821 67006
0004822 67010
0004823 67016
0004824 67022
0004825 67028
0004826 67034
0004827 67040
0004828 67046
0004829 67052
0004830 67056
0004831 67060
0004832 67064
0004833 67068
0004834 67072
0004835 67076
0004836 67080
0004837 67084
0004838 67088
0004839 67092
0004840 67096
0004841 67100
0004842 67104
0004843 67108
0004844 67110
0004845 60000
0004846 60002
0004847 60004
0004848 60174
0004849 60176
0004850 60178
0004851 60180
0004852 60182
0004853 60184
0004854 60186
0004855 60012
0004856 60022
0004857 60032
0004858 60042
0004859 60052
0004860 60062
0004861 60072
0004862 60082
0004863 60088
0004864 60094
0004865 60100
0004866 60106
0004867 60112
0004868 60118
0004869 60124
0004870 60130
0004871 60136
0004872 60142
0004873 60148
0004874 60154
0004875 60160
0004876 60166
0004877 60170
0004878 60008
0004879 60016
0004880 60020
0004881 60026
0004882 60030
0004883 60036
0004884 60040
0004885 60046
0004886 60050
0004887 60056
0004888 60060
0004889 60066
0004890 60070
0004891 60076
0004892 60080
0004893 60086
0004894 60092
0004895 60098
0004896 60104
0004897 60110
0004898 60116
0004899 60122
0004900 60128
0004901 60134
0004902 60140
0004903 60146
0004904 60152
0004905 60158
0004906 60164
0004907 60010
0004908 60014
0004909 60018
0004910 60024
0004911 60028
0004912 60034
0004913 60038
0004914 60044
0004915 60048
0004916 60054
0004917 60058
0004918 60064
0004919 60068
0004920 60074
0004921 60078
0004922 60084
0004923 60090
0004924 60096
0004925 60102
0004926 60108
0004927 60114
0004928 60120
0004929 60126
0004930 60132
0004931 60138
0004932 60144
0004933 60150
0004934 60156
0004935 60162
0004936 60168
0004937 60172
0004938 61072
0004939 61078
0004940 61000
0004941 61002
0004942 61004
0004943 61008
0004944 61012
0004945 61016
0004946 61020
0004947 61024
0004948 61028
0004949 61032
0004950 61036
0004951 61038
0004952 61040
0004953 61042
0004954 61044
0004955 61046
0004956 61048
0004957 61050
0004958 61052
0004959 61054
0004960 61056
0004961 61058
0004962 61060
0004963 61062
0004964 61064
0004965 61066
0004966 61068
0004967 61070
0004968 61074
0004969 61076
0004970 61080
0004971 61006
0004972 61010
0004973 61014
0004974 61018
0004975 61022
0004976 61026
0004977 61030
0004978 61034
0004979 60218
0004980 60264
0004981 60504
0004982 60508
0004983 60510
0004984 60516
0004985 60518
0004986 60520
0004987 60334
0004988 60512
0004989 60286
0004990 60006
0004991 60216
0004992 60232
0004993 60234
0004994 60246
0004995 60248
0004996 60262
0004997 60272
0004998 60278
0004999 60280
0005000 60292
0005001 60294
0005002 60300
0005003 60302
0005004 60308
0005005 60310
0005006 60320
0005007 60322
0005008 60354
0005009 60356
0005010 60372
0005011 60374
0005012 60394
0005013 60396
0005014 60414
0005015 60416
0005016 60432
0005017 60442
0005018 60444
0005019 60448
0005020 60450
0005021 60454
0005022 60458
0005023 60460
0005024 60462
0005025 60464
0005026 60466
0005027 60468
0005028 60500
0005029 60502
0005030 60506
0005031 60514
0005032 60196
0005033 60202
0005034 60212
0005035 60214
0005036 60222
0005037 60224
0005038 60226
0005039 60228
0005040 60230
0005041 60236
0005042 60238
0005043 60240
0005044 60244
0005045 60250
0005046 60256
0005047 60258
0005048 60260
0005049 60266
0005050 60276
0005051 60282
0005052 60288
0005053 60290
0005054 60296
0005055 60304
0005056 60306
0005057 60314
0005058 60324
0005059 60326
0005060 60346
0005061 60362
0005062 60364
0005063 60384
0005064 60406
0005065 60408
0005066 60424
0005067 60438
0005068 60498
0005069 76003
0005070 76009
0005071 76017
0005072 76025
0005073 76029
0005074 76033
0005075 76037
0005076 76007
0005077 76013
0005078 76023
0005079 76027
0005080 76031
0005081 76035
0005082 76039
0005083 76043
0005084 76047
0005085 76049
0005086 76051
0005087 76053
0005088 76055
0005089 76057
0005090 76061
0005091 76063
0005092 76067
0005093 76071
0005094 76073
0005095 76075
0005096 76079
0005097 76083
0005098 76085
0005099 76089
0005100 76093
0005101 76095
0005102 76097
0005103 76099
0005104 76101
0005105 76103
0005106 76105
0005107 76107
0005108 76109
0005109 76111
0005110 76001
0005111 76011
0005112 76019
0005113 76021
0005114 76041
0005115 76045
0005116 76059
0005117 76065
0005118 76069
0005119 76077
0005120 76087
0005121 76005
0005122 76015
0005123 76081
0005124 76091
0005125 70001
0005126 70005
0005127 70007
0005128 70011
0005129 70013
0005130 70017
0005131 70021
0005132 70025
0005133 70029
0005134 70057
0005135 70063
0005136 70003
0005137 70009
0005138 70015
0005139 70019
0005140 70023
0005141 70027
0005142 70031
0005143 70033
0005144 70035
0005145 70037
0005146 70039
0005147 70041
0005148 70043
0005149 70045
0005150 70047
0005151 70049
0005152 70051
0005153 70053
0005154 70055
0005155 70059
0005156 70061
0005157 70065
0005158 70067
0005159 70069
0005160 70071
0005161 70073
0005162 70075
0005163 70077
0005164 70079
0005165 70081
0005166 70083
0005167 76002
0005168 76004
0005169 76006
0005170 76010
0005171 76018
0005172 76026
0005173 76032
0005174 76036
0005175 76040
0005176 76014
0005177 76022
0005178 76030
0005179 76034
0005180 76038
0005181 76042
0005182 76044
0005183 76046
0005184 76050
0005185 76054
0005186 76056
0005187 76058
0005188 76060
0005189 76062
0005190 76064
0005191 76068
0005192 76072
0005193 76076
0005194 76078
0005195 76082
0005196 76086
0005197 76090
0005198 76094
0005199 76096
0005200 76098
0005201 76100
0005202 76102
0005203 76104
0005204 76106
0005205 76108
0005206 76110
0005207 76008
0005208 76016
0005209 76024
0005210 76028
0005211 76048
0005212 76052
0005213 76066
0005214 76070
0005215 76074
0005216 76080
0005217 76088
0005218 76012
0005219 76020
0005220 76084
0005221 76092
0005222 70000
0005223 70002
0005224 70004
0005225 70006
0005226 70008
0005227 70010
0005228 70014
0005229 70016
0005230 70020
0005231 70024
0005232 70028
0005233 70060
0005234 70066
0005235 70012
0005236 70018
0005237 70022
0005238 70026
0005239 70030
0005240 70032
0005241 70034
0005242 70036
0005243 70038
0005244 70040
0005245 70042
0005246 70044
0005247 70046
0005248 70048
0005249 70050
0005250 70052
0005251 70054
0005252 70056
0005253 70058
0005254 70062
0005255 70064
0005256 70068
0005257 70070
0005258 70072
0005259 70074
0005260 70076
0005261 70078
0005262 70080
0005263 70082
0005264 70104
0005265 88065
0005266 88055
0005267 88111
0005268 89151
0005269 89157
0005270 88011
0005271 88013
0005272 88019
0005273 88021
0005274 88023
0005275 88033
0005276 88035
0005277 88043
0005278 88045
0005279 88051
0005280 88053
0005281 88067
0005282 88073
0005283 88075
0005284 88077
0005285 88079
0005286 88081
0005287 88083
0005288 88085
0005289 88091
0005290 88093
0005291 88095
0005292 88097
0005293 88103
0005294 88105
0005295 88107
0005296 88121
0005297 88123
0005298 88133
0005299 88001
0005300 88009
0005301 88015
0005302 88017
0005303 88047
0005304 88049
0005305 88057
0005306 88059
0005307 88099
0005308 88101
0005309 88046
0005310 88056
0005311 88058
0005312 88070
0005313 88138
0005314 88146
0005315 88150
0005316 88044
0005317 88074
0005318 88086
0005319 88090
0005320 88104
0005321 88106
0005322 88112
0005323 88124
0005324 88136
0005325 88142
0005326 88152
0005327 88016
0005328 88018
0005329 88030
0005330 88032
0005331 88036
0005332 88038
0005333 88050
0005334 88054
0005335 88060
0005336 88062
0005337 88082
0005338 88144
0005339 88148
0005340 88156
0005341 88128
0005342 12855
0005343 22855
0005344 32855
0005345 19877
0005346 29877
0005347 39877
0005348 12887
0005349 22887
0005350 32887
0005351 12860
0005352 12892
0005353 22860
0005354 22892
0005355 32892
0005356 12864
0005357 22864
0005358 12886
0005359 22886
0005360 32886
0005361 12870
0005362 12872
0005363 19879
0005364 22870
0005365 22872
0005366 29879
0005367 32870
0005368 32872
0005369 32860
0005370 28931
0005371 28932
0005372 28933
0005373 28611
0005374 2865
0005375 2866
0005376 28711
0005377 28712
0005378 28713
0005379 28721
0005380 28722
0005381 28723
0005382 28861
0005383 28862
0005384 28863
0005385 98771
0005386 98772
0005387 98791
0005388 98792
0005389 98793
0005390 98773
0005391 28612
0005392 28613
0005393 28614
0005394 2868
0005395 2869
0005396 2870
0005397 12815
0005398 22815
0005399 32815
0005400 19898
0005401 29898
0005402 12801
0005403 12817
0005404 22801
0005405 22817
0005406 32817
0005407 12807
0005408 22807
0005409 12839
0005410 12843
0005411 22839
0005412 22843
0005413 29896
0005414 32843
0005415 12833
0005416 19896
0005417 22833
0005418 32833
0005419 12842
0005420 22842
0005421 32842
0005422 12816
0005423 22816
0005424 32816
0005425 39898
0005426 39896
0005427 28164
0005428 28165
0005429 28385
0005430 28424
0005431 28425
0005432 28426
0005433 28141
0005434 28142
0005435 28143
0005436 28161
0005437 28162
0005438 28163
0005439 28321
0005440 28322
0005441 28323
0005442 28331
0005443 28332
0005444 28333
0005445 28381
0005446 28382
0005447 28383
0005448 28384
0005449 28421
0005450 28422
0005451 28423
0005452 98960
0005453 98961
0005454 98962
0005455 98963
0005456 98981
0005457 98982
0005458 98983
0005459 28071
0005460 28072
0005461 28073
0005462 51001
0005463 51007
0005464 51013
0005465 51019
0005466 51023
0005467 51027
0005468 51031
0005469 51037
0005470 51041
0005471 51047
0005472 51053
0005473 51059
0005474 51085
0005475 51089
0005476 51095
0005477 51097
0005478 51101
0005479 51105
0005480 51005
0005481 51011
0005482 51017
0005483 51025
0005484 51029
0005485 51035
0005486 51039
0005487 51045
0005488 51051
0005489 51057
0005490 51063
0005491 51069
0005492 51075
0005493 51081
0005494 51087
0005495 51093
0005496 51099
0005497 51103
0005498 51003
0005499 51009
0005500 51015
0005501 51021
0005502 51033
0005503 51043
0005504 51049
0005505 51055
0005506 51061
0005507 51065
0005508 51067
0005509 51071
0005510 51073
0005511 51077
0005512 51079
0005513 51083
0005514 51091
0005515 51107
0005516 50039
0005517 50045
0005518 50047
0005519 50053
0005520 50055
0005521 50061
0005522 50063
0005523 50069
0005524 50083
0005525 50001
0005526 50003
0005527 50007
0005528 50009
0005529 50011
0005530 50015
0005531 50017
0005532 50019
0005533 50021
0005534 50023
0005535 50025
0005536 50029
0005537 50031
0005538 50033
0005539 50035
0005540 50037
0005541 50005
0005542 50013
0005543 50027
0005544 50041
0005545 50043
0005546 50049
0005547 50051
0005548 50057
0005549 50059
0005550 50065
0005551 50067
0005552 50081
0005553 50097
0005554 50099
0005555 50113
0005556 50115
0005557 50123
0005558 50125
0005559 50127
0005560 50129
0005561 51123
0005562 50071
0005563 50073
0005564 50075
0005565 50077
0005566 50079
0005567 50085
0005568 50087
0005569 50089
0005570 50091
0005571 50093
0005572 50095
0005573 50101
0005574 50103
0005575 50105
0005576 50107
0005577 50109
0005578 50111
0005579 50117
0005580 50119
0005581 50121
0005582 51000
0005583 51012
0005584 51014
0005585 51020
0005586 51024
0005587 51030
0005588 51050
0005589 51056
0005590 51062
0005591 51068
0005592 51074
0005593 51078
0005594 51080
0005595 51084
0005596 51086
0005597 51090
0005598 51002
0005599 51038
0005600 51044
0005601 51100
0005602 51104
0005603 51108
0005604 51008
0005605 51018
0005606 51026
0005607 51032
0005608 50054
0005609 50056
0005610 50062
0005611 50064
0005612 50070
0005613 50074
0005614 50076
0005615 50100
0005616 50114
0005617 50126
0005618 50136
0005619 50000
0005620 50002
0005621 50004
0005622 50006
0005623 50008
0005624 50012
0005625 50014
0005626 50016
0005627 50018
0005628 50020
0005629 50024
0005630 50026
0005631 50028
0005632 50030
0005633 50032
0005634 50034
0005635 50038
0005636 50040
0005637 50042
0005638 50044
0005639 50046
0005640 50048
0005641 50052
0005642 50080
0005643 50082
0005644 50084
0005645 50088
0005646 50090
0005647 50092
0005648 50094
0005649 50096
0005650 50102
0005651 50104
0005652 50106
0005653 50108
0005654 50110
0005655 50116
0005656 50118
0005657 50120
0005658 50122
0005659 50124
0005660 50128
0005661 50132
0005662 50134
0005663 50010
0005664 50022
0005665 50036
0005666 50050
0005667 50058
0005668 50060
0005669 50066
0005670 50068
0005671 50072
0005672 50078
0005673 50086
0005674 50098
0005675 50112
0005676 50130
0005677 50138
0005678 50140
0005679 50142
0005680 50144
0005681 43
0005682 53
0005683 63
0005684 34
0005685 44
0005686 54
0005687 74
0005688 0
0005689 8299985
0005690 8299998
0005693 8299988
0005694 8299992
0005695 8025181
0005697 8025191
0005698 8025349
0005701 8025363
0005702 8099875
0005704 8099896
0005705 8025345
0005710 8099895
0005713 8799894
0005714 8799893
0005717 8299989
0005718 8299987
0005720 8025146
0005721 8719400
0005722 8025391
0005724 8099897
0005727 8799883
0005729 8799881
0005733 8200341
0005734 8200940
0005735 8200640
